09:58:02.158977,GREEN,1,615,245,295,5,851.0
09:58:02.575794,GREEN,1,619,112,299,-128,552.0
09:58:03.153384,GREEN,1,621,104,301,-136,607.5
09:58:05.382908,GREEN,1,303,418,-17,178,555.5
09:58:06.233401,GREEN,1,625,198,305,-42,590.5
09:58:06.354879,GREEN,1,625,200,305,-40,714.5
09:58:06.594082,GREEN,1,624,199,304,-41,532.0
09:58:06.689443,GREEN,1,620,203,300,-37,737.5
09:58:06.845663,GREEN,1,619,208,299,-32,869.5
09:58:06.937982,GREEN,1,620,205,300,-35,638.0
09:58:07.152075,GREEN,1,618,209,298,-31,785.0
09:58:07.445654,GREEN,1,610,214,290,-26,814.5
09:58:07.542495,GREEN,1,606,215,286,-25,948.0
09:58:07.825585,GREEN,1,606,219,286,-21,737.0
09:58:08.091433,GREEN,1,599,222,279,-18,625.5
09:58:08.501883,GREEN,1,602,243,282,3,958.5
09:58:17.597947,GREEN,1,502,22,182,-218,609.0
09:58:17.776293,GREEN,1,480,38,160,-202,936.0
09:58:17.865966,GREEN,1,538,29,218,-211,2511.5
