09:57:54.898681,NAV,1,0,0,-1,0,0
09:57:55.808668,NAV,1,0,0,-1,0,0
09:57:55.987804,NAV,1,0,0,-1,0,0
09:57:56.116332,NAV,1,0,0,-1,0,0
09:57:56.221406,NAV,1,0,0,-1,0,0
09:57:56.315438,NAV,1,0,0,-1,0,0
09:57:56.410626,NAV,1,0,0,-1,0,0
09:57:56.560258,NAV,1,0,0,-1,0,0
09:57:56.656148,NAV,1,0,0,-1,0,0
09:57:56.755476,NAV,1,0,0,-1,0,0
09:57:56.852657,NAV,1,0,0,29,0,0
09:57:56.952028,NAV,1,0,0,-1,0,0
09:57:57.051781,NAV,1,0,0,-1,0,0
09:57:57.156766,NAV,1,0,0,-1,0,0
09:57:57.270281,NAV,1,0,0,-1,0,0
09:57:57.377936,NAV,1,0,0,-1,0,0
09:57:57.476447,NAV,1,0,0,-1,0,0
09:57:57.574959,NAV,1,0,0,107,0,0
09:57:57.674332,NAV,1,0,0,109,0,0
09:57:57.772797,NAV,1,0,0,104,0,0
09:57:57.870520,NAV,1,0,0,-1,0,0
09:57:57.969827,NAV,1,0,0,-1,0,0
09:57:58.072651,NAV,1,0,0,-1,0,0
09:57:58.180694,NAV,1,0,0,-1,0,0
09:57:58.287027,NAV,1,0,0,-1,0,0
09:57:58.390609,NAV,1,0,0,-1,0,0
09:57:58.494988,NAV,1,0,0,-1,0,0
09:57:58.597795,NAV,1,0,0,-1,0,0
09:57:58.701546,NAV,1,0,0,-1,0,0
09:57:58.804881,NAV,1,0,0,-1,0,0
09:57:58.910251,NAV,1,0,0,-1,0,0
09:57:59.006891,NAV,1,0,0,-1,0,0
09:57:59.108753,NAV,1,0,0,30,0,0
09:57:59.195503,NAV,1,0,0,-117,0,0
09:57:59.280531,NAV,1,0,0,-33,0,0
09:57:59.363059,NAV,1,0,0,34,0,0
09:57:59.444022,NAV,1,0,0,-1,0,0
09:57:59.539465,NAV,1,0,0,-1,0,0
09:57:59.627242,NAV,1,0,0,-1,0,0
09:57:59.747170,NAV,1,0,0,-1,0,0
09:58:00.011701,NAV,1,0,0,-1,0,0
09:58:00.193692,NAV,1,0,0,-1,0,0
09:58:00.303561,NAV,1,0,0,-1,0,0
09:58:00.397695,NAV,1,0,0,-1,0,0
09:58:00.608690,NAV,1,0,0,-4,0,0
09:58:00.706608,NAV,1,0,0,-5,0,0
09:58:00.800180,NAV,1,0,0,-1,0,0
09:58:00.956662,NAV,1,0,0,-1,0,0
09:58:01.050615,NAV,1,0,0,-1,0,0
09:58:01.171745,NAV,1,0,0,-1,0,0
09:58:01.291117,NAV,1,0,0,-1,0,0
09:58:01.386485,NAV,1,0,0,-1,0,0
09:58:01.482822,NAV,1,0,0,-1,0,0
09:58:01.626753,NAV,1,0,0,-1,0,0
09:58:01.770278,NAV,1,0,0,-1,0,0
09:58:01.926903,NAV,1,0,0,-1,0,0
09:58:02.020203,NAV,1,0,0,-1,0,0
09:58:02.158977,NAV,1,0,0,-1,0,0
09:58:02.280077,NAV,1,0,0,-1,0,0
09:58:02.380245,NAV,1,0,0,-1,0,0
09:58:02.480428,NAV,1,0,0,-1,0,0
09:58:02.575794,NAV,1,0,0,-1,0,0
09:58:02.703070,NAV,1,0,0,-1,0,0
09:58:02.825748,NAV,1,0,0,-1,0,0
09:58:02.926261,NAV,1,0,0,-1,0,0
09:58:03.038274,NAV,1,0,0,-1,0,0
09:58:03.153384,NAV,1,0,0,-1,0,0
09:58:03.282301,NAV,1,0,0,-1,0,0
09:58:03.386374,NAV,1,0,0,-1,0,0
09:58:03.486408,NAV,1,0,0,-1,0,0
09:58:03.581152,NAV,1,0,0,-1,0,0
09:58:03.693166,NAV,1,0,0,-1,0,0
09:58:03.798525,NAV,1,0,0,-1,0,0
09:58:03.913907,NAV,1,0,0,0,0,0
09:58:04.009420,NAV,1,0,0,0,0,0
09:58:04.102155,NAV,1,0,0,0,0,0
09:58:04.196092,NAV,1,0,0,0,0,0
09:58:04.310262,NAV,1,0,0,0,0,0
09:58:04.400901,NAV,1,0,0,-6,0,0
09:58:04.499904,NAV,1,0,0,-1,0,0
09:58:04.593884,NAV,1,0,0,-1,0,0
09:58:04.699376,NAV,1,0,0,-1,0,0
09:58:04.796539,NAV,1,0,0,0,0,0
09:58:04.896713,NAV,1,0,0,0,0,0
09:58:04.988309,NAV,1,0,0,0,0,0
09:58:05.073179,NAV,1,0,0,0,0,0
09:58:05.204046,NAV,1,0,0,66,0,0
09:58:05.293942,NAV,1,0,0,0,0,0
09:58:05.382908,NAV,1,0,0,51,0,0
09:58:05.472684,NAV,1,0,0,-15,0,0
09:58:05.659612,NAV,1,0,0,56,0,0
09:58:05.791071,NAV,1,0,0,0,0,0
09:58:05.882526,NAV,1,0,0,-1,0,0
09:58:06.084499,NAV,1,0,0,-1,0,0
09:58:06.233401,NAV,1,0,0,-1,0,0
09:58:06.354879,NAV,1,0,0,-1,0,0
09:58:06.452619,NAV,1,0,0,-1,0,0
09:58:06.594082,NAV,1,0,0,-1,0,0
09:58:06.689443,NAV,1,0,0,-1,0,0
09:58:06.845663,NAV,1,0,0,-1,0,0
09:58:06.937982,NAV,1,0,0,-1,0,0
09:58:07.152075,NAV,1,0,0,-1,0,0
09:58:07.298801,NAV,1,0,0,-1,0,0
09:58:07.445654,NAV,1,0,0,-1,0,0
09:58:07.542495,NAV,1,0,0,-1,0,0
09:58:07.679468,NAV,1,0,0,-1,0,0
09:58:07.825585,NAV,1,0,0,-1,0,0
09:58:07.921902,NAV,1,0,0,-1,0,0
09:58:08.091433,NAV,1,0,0,-1,0,0
09:58:08.222710,NAV,1,0,0,26,0,0
09:58:08.316984,NAV,1,0,0,38,0,0
09:58:08.407420,NAV,1,0,0,1,0,0
09:58:08.501883,NAV,1,0,0,51,0,0
09:58:08.592582,NAV,1,0,0,0,0,0
09:58:08.685441,NAV,1,0,0,0,0,0
09:58:08.771918,NAV,1,0,0,0,0,0
09:58:08.856690,NAV,1,0,0,0,0,0
09:58:08.938913,NAV,1,0,0,0,0,0
09:58:09.025055,NAV,1,0,0,0,0,0
09:58:09.113480,NAV,1,0,0,0,0,0
09:58:09.204045,NAV,1,0,0,0,0,0
09:58:09.307620,NAV,1,0,0,0,0,0
09:58:09.414837,NAV,1,0,0,0,0,0
09:58:09.530319,NAV,1,0,0,0,0,0
09:58:09.654249,NAV,1,0,0,0,0,0
09:58:09.783196,NAV,1,0,0,0,0,0
09:58:09.916360,NAV,1,0,0,0,0,0
09:58:10.050967,NAV,1,0,0,0,0,0
09:58:10.183772,NAV,1,0,0,0,0,0
09:58:10.313817,NAV,1,0,0,0,0,0
09:58:10.444951,NAV,1,0,0,0,0,0
09:58:10.591545,NAV,1,0,0,0,0,0
09:58:10.743635,NAV,1,0,0,0,0,0
09:58:10.869401,NAV,1,0,0,0,0,0
09:58:10.992432,NAV,1,0,0,0,0,0
09:58:11.124930,NAV,1,0,0,0,0,0
09:58:11.272880,NAV,1,0,0,0,0,0
09:58:11.366722,NAV,1,0,0,33,0,0
09:58:11.456187,NAV,1,0,0,-1,0,0
09:58:11.541458,NAV,1,0,0,0,0,0
09:58:11.631249,NAV,1,0,0,-1,0,0
09:58:11.713660,NAV,1,0,0,0,0,0
09:58:11.797011,NAV,1,0,0,65,0,0
09:58:11.881026,NAV,1,0,0,59,0,0
09:58:11.958868,NAV,1,0,0,0,0,0
09:58:12.040982,NAV,1,0,0,0,0,0
09:58:12.121541,NAV,1,0,0,0,0,0
09:58:12.198090,NAV,1,0,0,0,0,0
09:58:12.269381,NAV,1,0,0,0,0,0
09:58:12.339178,NAV,1,0,0,0,0,0
09:58:12.406780,NAV,1,0,0,0,0,0
09:58:12.477711,NAV,1,0,0,0,0,0
09:58:12.546789,NAV,1,0,0,0,0,0
09:58:12.614792,NAV,1,0,0,0,0,0
09:58:12.685195,NAV,1,0,0,2,0,0
09:58:12.759167,NAV,1,0,0,-16,0,0
09:58:12.837648,NAV,1,0,0,32,0,0
09:58:12.918271,NAV,1,0,0,-1,0,0
09:58:13.006757,NAV,1,0,0,-28,0,0
09:58:13.091664,NAV,1,0,0,-1,0,0
09:58:13.290040,NAV,1,0,0,-1,0,0
09:58:13.563349,NAV,1,0,0,-1,0,0
09:58:13.658919,NAV,1,0,0,-1,0,0
09:58:13.855138,NAV,1,0,0,-1,0,0
09:58:13.956147,NAV,1,0,0,-1,0,0
09:58:14.252145,NAV,1,0,0,-1,0,0
09:58:14.348965,NAV,1,0,0,-1,0,0
09:58:14.442780,NAV,1,0,0,-1,0,0
09:58:14.537437,NAV,1,0,0,-1,0,0
09:58:14.632570,NAV,1,0,0,-1,0,0
09:58:14.858765,NAV,1,0,0,-1,0,0
09:58:14.956273,NAV,1,0,0,-1,0,0
09:58:15.072821,NAV,1,0,0,-1,0,0
09:58:15.267212,NAV,1,0,0,-1,0,0
09:58:15.359481,NAV,1,0,0,-1,0,0
09:58:15.457953,NAV,1,0,0,-1,0,0
09:58:15.560553,NAV,1,0,0,-1,0,0
09:58:15.800013,NAV,1,0,0,-1,0,0
09:58:16.044576,NAV,1,0,0,-1,0,0
09:58:16.292724,NAV,1,0,0,-1,0,0
09:58:16.391253,NAV,1,0,0,-1,0,0
09:58:16.491223,NAV,1,0,0,-1,0,0
09:58:16.590272,NAV,1,0,0,-1,0,0
09:58:16.683838,NAV,1,0,0,-1,0,0
09:58:16.782169,NAV,1,0,0,-1,0,0
09:58:16.879275,NAV,1,0,0,-1,0,0
09:58:16.972103,NAV,1,0,0,-1,0,0
09:58:17.062078,NAV,1,0,0,-1,0,0
09:58:17.155962,NAV,1,0,0,-5,0,0
09:58:17.243879,NAV,1,0,0,-1,0,0
09:58:17.342749,NAV,1,0,0,-34,0,0
09:58:17.427942,NAV,1,0,0,40,0,0
09:58:17.511233,NAV,1,0,0,0,0,0
09:58:17.597947,NAV,1,0,0,0,0,0
09:58:17.683584,NAV,1,0,0,-1,0,0
09:58:17.776293,NAV,1,0,0,0,0,0
09:58:17.865966,NAV,1,0,0,2,0,0
09:58:17.951632,NAV,1,0,0,0,0,0
09:58:18.036449,NAV,1,0,0,0,0,0
09:58:18.124501,NAV,1,0,0,0,0,0
09:58:18.214311,NAV,1,0,0,0,0,0
09:58:18.301079,NAV,1,0,0,0,0,0
09:58:18.390713,NAV,1,0,0,0,0,0
09:58:18.475754,NAV,1,0,0,-86,0,0
09:58:18.567108,NAV,1,0,0,0,0,0
09:58:18.656629,NAV,1,0,0,-1,0,0
09:58:18.752699,NAV,1,0,0,-1,0,0
09:58:18.839523,NAV,1,0,0,0,0,0
09:58:18.934499,NAV,1,0,0,-28,0,0
09:58:19.025268,NAV,1,0,0,-1,0,0
09:58:19.116145,NAV,1,0,0,-9,0,0
09:58:19.204592,NAV,1,0,0,-13,0,0
09:58:19.296904,NAV,1,0,0,-7,0,0
09:58:19.390148,NAV,1,0,0,-1,0,0
09:58:19.482727,NAV,1,0,0,-12,0,0
09:58:19.578705,NAV,1,0,0,-1,0,0
09:58:19.672017,NAV,1,0,0,-11,0,0
09:58:19.764917,NAV,1,0,0,-1,0,0
09:58:19.859059,NAV,1,0,0,0,0,0
09:58:19.951881,NAV,1,0,0,0,0,0
09:58:20.046102,NAV,1,0,0,-1,0,0
09:58:20.142274,NAV,1,0,0,-1,0,0
09:58:20.235696,NAV,1,0,0,0,0,0
09:58:20.329749,NAV,1,0,0,-1,0,0
