09:57:59.539465,RED,1,462,462,142,222,615.5
09:58:00.303561,RED,1,381,458,61,218,577.5
09:58:00.397695,RED,1,389,465,69,225,556.5
09:58:00.706608,RED,1,392,361,72,121,552.0
09:58:00.800180,RED,1,369,344,49,104,933.5
09:58:01.050615,RED,1,390,319,70,79,1076.5
09:58:01.171745,RED,1,383,311,63,71,1260.5
09:58:01.291117,RED,1,379,315,59,75,807.0
09:58:01.386485,RED,1,366,316,46,76,1598.5
09:58:01.482822,RED,1,345,330,25,90,586.0
09:58:01.626753,RED,1,345,331,25,91,1154.0
09:58:01.770278,RED,1,339,336,19,96,1971.5
09:58:01.926903,RED,1,306,372,-14,132,2503.5
09:58:02.020203,RED,1,305,372,-15,132,2187.5
09:58:02.158977,RED,1,305,372,-15,132,2136.5
09:58:02.280077,RED,1,319,352,-1,112,2407.0
09:58:02.380245,RED,1,335,301,15,61,2349.0
09:58:02.480428,RED,1,304,251,-16,11,2416.0
09:58:02.575794,RED,1,300,237,-20,-3,848.0
09:58:06.233401,RED,1,522,12,202,-228,526.5
09:58:06.594082,RED,1,512,20,192,-220,567.5
09:58:06.689443,RED,1,512,20,192,-220,576.0
09:58:06.845663,RED,1,512,22,192,-218,564.5
09:58:06.937982,RED,1,508,24,188,-216,561.0
09:58:07.298801,RED,1,498,32,178,-208,530.5
09:58:07.445654,RED,1,495,36,175,-204,505.0
09:58:07.542495,RED,1,495,35,175,-205,548.0
09:58:11.124930,RED,1,349,240,29,0,212001.5
09:58:11.272880,RED,1,603,429,283,189,4199.5
09:58:11.272880,RED,1,12,232,-308,-8,534.5
09:58:11.272880,RED,1,130,326,-190,86,45546.5
09:58:11.272880,RED,1,594,85,274,-155,10508.5
09:58:11.366722,RED,1,258,328,-62,88,6022.0
09:58:11.366722,RED,1,591,309,271,69,17652.0
09:58:11.366722,RED,1,412,305,92,65,47459.5
09:58:11.456187,RED,1,469,112,149,-128,10377.5
09:58:11.541458,RED,1,512,435,192,195,2298.0
09:58:11.541458,RED,1,411,387,91,147,19379.0
09:58:11.541458,RED,1,595,240,275,0,18235.5
09:58:11.631249,RED,1,459,388,139,148,2450.5
09:58:11.631249,RED,1,583,324,263,84,26060.5
09:58:11.713660,RED,1,434,400,114,160,4129.0
09:58:11.713660,RED,1,498,334,178,94,40219.0
09:58:11.797011,RED,1,476,351,156,111,49907.0
09:58:11.881026,RED,1,448,381,128,141,48330.5
09:58:11.958868,RED,1,432,367,112,127,71331.0
09:58:12.040982,RED,1,439,376,119,136,58409.0
09:58:12.121541,RED,1,493,399,173,159,39341.5
09:58:12.198090,RED,1,488,373,168,133,48014.0
09:58:12.269381,RED,1,499,374,179,134,45966.0
09:58:12.339178,RED,1,282,461,-38,221,1879.0
09:58:12.339178,RED,1,506,407,186,167,31009.0
09:58:12.406780,RED,1,417,380,97,140,53981.0
09:58:12.477711,RED,1,517,406,197,166,24982.5
09:58:12.546789,RED,1,511,398,191,158,26556.0
09:58:12.614792,RED,1,446,381,126,141,31620.0
09:58:12.685195,RED,1,194,399,-126,159,525.5
09:58:12.685195,RED,1,486,379,166,139,24918.5
09:58:12.759167,RED,1,557,463,237,223,772.5
09:58:12.759167,RED,1,562,418,242,178,2547.0
09:58:12.759167,RED,1,383,336,63,96,38694.5
09:58:12.837648,RED,1,583,433,263,193,1284.0
09:58:12.837648,RED,1,474,442,154,202,3164.0
09:58:12.837648,RED,1,384,333,64,93,33040.0
09:58:12.837648,RED,1,601,41,281,-199,1048.5
09:58:12.918271,RED,1,418,452,98,212,1021.0
09:58:12.918271,RED,1,379,315,59,75,27129.5
09:58:12.918271,RED,1,164,117,-156,-123,636.0
09:58:12.918271,RED,1,335,104,15,-136,3420.0
09:58:12.918271,RED,1,588,23,268,-217,881.0
09:58:13.006757,RED,1,371,286,51,46,25843.0
09:58:13.006757,RED,1,146,75,-174,-165,701.5
09:58:13.091664,RED,1,253,354,-67,114,20211.0
09:58:13.091664,RED,1,153,111,-167,-129,1568.5
09:58:13.091664,RED,1,586,22,266,-218,842.0
09:58:13.091664,RED,1,383,104,63,-136,9065.5
09:58:13.290040,RED,1,323,288,3,48,923.5
09:58:13.290040,RED,1,350,243,30,3,1245.5
09:58:13.290040,RED,1,421,62,101,-178,1053.0
09:58:13.290040,RED,1,174,240,-146,0,17632.5
09:58:13.563349,RED,1,336,223,16,-17,1509.0
09:58:13.563349,RED,1,134,305,-186,65,5412.5
09:58:13.563349,RED,1,117,34,-203,-206,935.0
09:58:13.658919,RED,1,341,227,21,-13,1295.5
09:58:13.658919,RED,1,130,254,-190,14,2803.5
09:58:13.855138,RED,1,370,272,50,32,1258.5
09:58:13.956147,RED,1,368,278,48,38,1280.0
09:58:14.252145,RED,1,388,355,68,115,1235.0
09:58:14.348965,RED,1,387,350,67,110,1202.0
09:58:14.442780,RED,1,391,363,71,123,1089.5
09:58:14.537437,RED,1,390,363,70,123,1034.5
09:58:14.632570,RED,1,393,378,73,138,1000.5
09:58:14.858765,RED,1,391,372,71,132,943.5
09:58:14.956273,RED,1,393,384,73,144,912.5
09:58:15.072821,RED,1,391,371,71,131,862.5
09:58:15.267212,RED,1,386,357,66,117,868.5
09:58:15.359481,RED,1,384,343,64,103,722.5
09:58:15.457953,RED,1,382,340,62,100,624.5
09:58:15.560553,RED,1,384,354,64,114,571.5
09:58:16.044576,RED,1,387,353,67,113,563.5
09:58:16.292724,RED,1,409,311,89,71,677.0
09:58:16.391253,RED,1,490,263,170,23,738.5
