10:17:00.578518,GREEN,1,442,462,122,222,1205.0
10:17:01.559942,GREEN,1,455,466,135,226,742.5
10:17:01.691097,GREEN,1,447,463,127,223,528.5
10:17:01.801421,GREEN,1,451,464,131,224,627.5
10:17:01.892497,GREEN,1,452,466,132,226,664.5
10:17:02.087324,GREEN,1,452,468,132,228,617.5
10:17:02.219308,GREEN,1,451,466,131,226,721.5
10:17:02.321397,GREEN,1,454,463,134,223,698.5
10:17:02.507919,GREEN,1,452,467,132,227,665.5
10:17:02.601751,GREEN,1,455,459,135,219,897.0
10:17:02.700487,GREEN,1,448,466,128,226,944.5
10:17:02.796253,GREEN,1,451,463,131,223,878.0
10:17:02.914480,GREEN,1,453,462,133,222,967.5
10:17:03.023528,GREEN,1,449,466,129,226,785.5
10:17:03.124177,GREEN,1,453,465,133,225,752.0
10:17:03.216973,GREEN,1,452,468,132,228,786.0
10:17:03.308054,GREEN,1,453,467,133,227,675.5
10:17:03.403774,GREEN,1,460,463,140,223,556.5
10:17:03.497908,GREEN,1,453,463,133,223,962.0
10:17:03.591993,GREEN,1,455,464,135,224,646.5
10:17:03.687450,GREEN,1,451,464,131,224,829.0
10:17:03.780817,GREEN,1,448,465,128,225,740.0
10:17:03.876657,GREEN,1,453,463,133,223,730.5
10:17:03.965433,GREEN,1,450,465,130,225,625.5
10:17:04.059024,GREEN,1,454,468,134,228,670.0
10:17:04.153216,GREEN,1,449,465,129,225,738.0
10:17:04.340075,GREEN,1,445,464,125,224,783.5
10:17:04.427936,GREEN,1,456,465,136,225,767.0
10:17:04.525278,GREEN,1,445,463,125,223,787.5
10:17:04.621569,GREEN,1,452,467,132,227,779.5
10:17:04.910924,GREEN,1,454,468,134,228,593.0
10:17:05.004083,GREEN,1,456,466,136,226,666.5
10:17:05.093925,GREEN,1,451,467,131,227,592.5
10:17:05.188523,GREEN,1,453,465,133,225,684.5
10:17:05.284158,GREEN,1,452,465,132,225,724.5
10:17:05.379050,GREEN,1,449,465,129,225,597.5
10:17:05.750504,GREEN,1,454,467,134,227,551.5
10:17:05.934784,GREEN,1,452,467,132,227,691.0
10:17:06.224267,GREEN,1,456,468,136,228,530.0
10:17:06.592547,GREEN,1,450,465,130,225,571.0
10:17:07.370144,GREEN,1,438,454,118,214,510.5
10:17:07.461181,GREEN,1,449,462,129,222,682.5
10:17:07.933828,GREEN,1,449,467,129,227,560.5
10:17:08.414539,GREEN,1,450,465,130,225,530.0
10:17:08.508930,GREEN,1,447,462,127,222,776.0
10:17:08.605313,GREEN,1,451,467,131,227,722.0
10:17:08.700400,GREEN,1,446,463,126,223,973.0
10:17:08.795096,GREEN,1,451,463,131,223,854.5
10:17:08.890390,GREEN,1,452,468,132,228,577.0
10:17:08.985166,GREEN,1,448,464,128,224,841.0
10:17:09.080116,GREEN,1,446,459,126,219,1215.0
10:17:09.177005,GREEN,1,448,462,128,222,860.0
10:17:09.272394,GREEN,1,449,463,129,223,759.5
10:17:09.366622,GREEN,1,448,462,128,222,1149.5
10:17:09.463602,GREEN,1,447,462,127,222,926.5
10:17:09.655656,GREEN,1,456,463,136,223,564.5
10:17:09.750734,GREEN,1,448,458,128,218,1173.5
10:17:09.850588,GREEN,1,450,463,130,223,876.5
10:17:09.947174,GREEN,1,449,464,129,224,872.5
10:17:10.137071,GREEN,1,449,467,129,227,565.0
10:17:10.230355,GREEN,1,447,463,127,223,919.0
10:17:10.230355,GREEN,1,356,433,36,193,608.0
10:17:10.326657,GREEN,1,448,462,128,222,1005.5
10:17:10.425807,GREEN,1,450,465,130,225,682.0
10:17:10.523008,GREEN,1,453,467,133,227,558.5
10:17:10.714449,GREEN,1,444,463,124,223,749.0
10:17:10.810451,GREEN,1,449,458,129,218,841.0
10:17:10.907942,GREEN,1,447,463,127,223,827.0
10:17:10.907942,GREEN,1,353,431,33,191,504.5
10:17:12.142566,GREEN,1,447,462,127,222,745.0
10:17:12.425990,GREEN,1,450,465,130,225,634.0
10:17:12.522784,GREEN,1,449,463,129,223,739.0
10:17:12.617978,GREEN,1,452,465,132,225,840.5
10:17:12.717226,GREEN,1,447,461,127,221,1073.5
10:17:12.812622,GREEN,1,451,460,131,220,979.5
10:17:12.907919,GREEN,1,447,451,127,211,1042.0
10:17:13.003789,GREEN,1,351,433,31,193,579.0
10:17:13.098432,GREEN,1,447,460,127,220,546.0
10:17:13.197813,GREEN,1,449,463,129,223,720.0
10:17:13.292404,GREEN,1,444,461,124,221,667.0
10:17:16.943087,GREEN,1,453,467,133,227,543.0
10:17:17.140227,GREEN,1,449,463,129,223,946.0
10:17:17.241093,GREEN,1,451,466,131,226,616.0
10:17:17.337310,GREEN,1,450,465,130,225,613.5
10:17:17.437714,GREEN,1,449,464,129,224,838.5
10:17:17.533785,GREEN,1,454,468,134,228,617.0
10:17:17.631299,GREEN,1,449,464,129,224,744.0
10:17:17.728910,GREEN,1,450,465,130,225,805.0
10:17:17.824959,GREEN,1,449,464,129,224,870.0
10:17:17.920817,GREEN,1,447,462,127,222,815.0
10:17:18.020073,GREEN,1,454,460,134,220,773.0
10:17:18.118118,GREEN,1,449,460,129,220,930.0
10:17:18.212975,GREEN,1,450,466,130,226,786.5
10:17:18.308527,GREEN,1,452,468,132,228,551.5
10:17:18.405846,GREEN,1,451,468,131,228,512.5
10:17:18.502261,GREEN,1,447,462,127,222,805.0
10:17:18.598562,GREEN,1,446,463,126,223,845.5
10:17:19.378657,GREEN,1,418,462,98,222,616.0
10:17:19.473445,GREEN,1,309,458,-11,218,644.0
10:17:19.660832,GREEN,1,315,459,-5,219,598.0
10:17:19.846291,GREEN,1,583,462,263,222,666.0
10:17:20.458115,GREEN,1,84,61,-236,-179,620.0
10:17:20.557844,GREEN,1,121,76,-199,-164,669.0
10:17:20.648820,GREEN,1,147,94,-173,-146,602.0
10:17:20.842290,GREEN,1,149,110,-171,-130,535.0
10:17:20.938836,GREEN,1,250,116,-70,-124,523.5
10:17:21.030055,GREEN,1,279,122,-41,-118,502.5
10:17:21.118410,GREEN,1,271,144,-49,-96,529.5
10:17:22.582991,GREEN,1,212,435,-108,195,674.0
10:17:22.680752,GREEN,1,170,462,-150,222,1270.0
10:17:22.680752,GREEN,1,448,19,128,-221,790.0
10:17:22.779871,GREEN,1,175,458,-145,218,1499.0
10:17:22.779871,GREEN,1,437,12,117,-228,593.0
10:17:22.870896,GREEN,1,154,456,-166,216,1988.0
10:17:22.966150,GREEN,1,113,447,-207,207,2718.0
10:17:23.054156,GREEN,1,60,442,-260,202,3729.5
10:17:23.054156,GREEN,1,341,14,21,-226,612.5
10:17:23.148596,GREEN,1,10,456,-310,216,503.5
10:17:23.148596,GREEN,1,65,444,-255,204,3111.0
10:17:23.240846,GREEN,1,60,458,-260,218,1856.5
10:17:23.327726,GREEN,1,44,436,-276,196,2856.5
10:17:23.327726,GREEN,1,68,374,-252,134,1423.0
10:17:23.513084,GREEN,1,20,398,-300,158,657.5
10:17:23.513084,GREEN,1,21,358,-299,118,695.0
10:17:23.695995,GREEN,1,625,251,305,11,1341.5
10:17:23.792390,GREEN,1,615,229,295,-11,1660.5
10:17:23.885378,GREEN,1,627,213,307,-27,1781.5
10:17:23.979945,GREEN,1,616,225,296,-15,2238.5
10:17:24.075898,GREEN,1,620,206,300,-34,2322.0
10:17:24.360620,GREEN,1,624,95,304,-145,794.0
10:17:25.798149,GREEN,1,221,232,-99,-8,1452.0
10:17:25.892591,GREEN,1,245,228,-75,-12,2426.0
10:17:25.990885,GREEN,1,244,243,-76,3,2524.0
10:17:26.092748,GREEN,1,273,246,-47,6,1064.5
10:17:26.196780,GREEN,1,268,234,-52,-6,829.5
10:17:26.660711,GREEN,1,167,381,-153,141,613.0
10:17:26.750652,GREEN,1,143,412,-177,172,1785.0
10:17:26.849818,GREEN,1,129,424,-191,184,2395.5
10:17:26.940927,GREEN,1,137,460,-183,220,648.5
10:17:26.940927,GREEN,1,113,426,-207,186,3061.5
10:17:27.032297,GREEN,1,128,465,-192,225,555.5
10:17:27.032297,GREEN,1,81,436,-239,196,2997.5
10:17:27.126447,GREEN,1,22,446,-298,206,743.0
10:17:27.126447,GREEN,1,83,450,-237,210,2139.5
10:17:27.126447,GREEN,1,122,416,-198,176,933.5
10:17:27.126447,GREEN,1,409,44,89,-196,1125.5
10:17:27.222135,GREEN,1,56,440,-264,200,2723.5
10:17:27.222135,GREEN,1,372,41,52,-199,1232.5
10:17:27.317737,GREEN,1,26,442,-294,202,1522.0
10:17:27.317737,GREEN,1,35,361,-285,121,1991.5
10:17:27.317737,GREEN,1,329,46,9,-194,1466.0
10:17:27.501855,GREEN,1,8,344,-312,104,802.0
10:17:27.685431,GREEN,1,625,286,305,46,807.0
10:17:27.774563,GREEN,1,606,297,286,57,1945.0
10:17:27.865520,GREEN,1,593,271,273,31,1524.5
10:17:27.964376,GREEN,1,569,259,249,19,1654.0
10:17:28.151119,GREEN,1,535,283,215,43,736.5
10:17:28.151119,GREEN,1,632,247,312,7,1318.0
10:17:28.243269,GREEN,1,622,219,302,-21,1026.5
10:17:28.340288,GREEN,1,619,224,299,-16,935.0
10:17:28.434880,GREEN,1,515,257,195,17,612.0
10:17:28.434880,GREEN,1,613,207,293,-33,832.0
10:17:28.527793,GREEN,1,508,248,188,8,1229.5
10:17:28.527793,GREEN,1,607,183,287,-57,560.5
10:17:28.527793,GREEN,1,633,120,313,-120,663.0
10:17:28.627366,GREEN,1,612,203,292,-37,830.0
10:17:28.627366,GREEN,1,516,211,196,-29,1810.0
10:17:28.726297,GREEN,1,515,212,195,-28,1122.0
10:17:28.818267,GREEN,1,519,206,199,-34,1698.0
10:17:28.818267,GREEN,1,616,183,296,-57,798.5
10:17:28.913086,GREEN,1,520,195,200,-45,943.0
10:17:29.006163,GREEN,1,521,175,201,-65,720.0
10:17:29.480389,GREEN,1,19,272,-301,32,918.0
10:17:29.572820,GREEN,1,107,245,-213,5,869.5
10:17:29.759058,GREEN,1,281,157,-39,-83,725.0
10:17:29.759058,GREEN,1,211,157,-109,-83,744.5
10:17:29.759058,GREEN,1,111,101,-209,-139,506.5
10:17:29.759058,GREEN,1,211,103,-109,-137,959.5
10:17:29.852371,GREEN,1,231,320,-89,80,1139.0
10:17:29.852371,GREEN,1,46,254,-274,14,7140.5
10:17:29.852371,GREEN,1,194,104,-126,-136,603.5
10:17:29.852371,GREEN,1,249,99,-71,-141,1232.5
10:17:29.852371,GREEN,1,92,83,-228,-157,12976.5
10:17:29.945571,GREEN,1,82,280,-238,40,6826.0
10:17:29.945571,GREEN,1,37,168,-283,-72,2097.0
10:17:29.945571,GREEN,1,250,136,-70,-104,525.5
10:17:29.945571,GREEN,1,115,128,-205,-112,3212.5
10:17:29.945571,GREEN,1,221,94,-99,-146,2435.5
10:17:29.945571,GREEN,1,96,52,-224,-188,14639.0
10:17:30.035544,GREEN,1,440,270,120,30,508.5
10:17:30.035544,GREEN,1,158,268,-162,28,674.5
10:17:30.035544,GREEN,1,15,245,-305,5,1036.5
10:17:30.035544,GREEN,1,77,150,-243,-90,879.5
10:17:30.035544,GREEN,1,163,132,-157,-108,2040.0
10:17:30.035544,GREEN,1,275,93,-45,-147,1553.5
10:17:30.035544,GREEN,1,127,69,-193,-171,21841.0
10:17:30.124340,GREEN,1,63,458,-257,218,662.5
10:17:30.124340,GREEN,1,440,311,120,71,515.5
10:17:30.124340,GREEN,1,228,261,-92,21,1646.5
10:17:30.124340,GREEN,1,68,236,-252,-4,895.5
10:17:30.124340,GREEN,1,180,115,-140,-125,775.5
10:17:30.124340,GREEN,1,144,186,-176,-54,27882.5
10:17:30.212662,GREEN,1,69,318,-251,78,1748.5
10:17:30.212662,GREEN,1,285,253,-35,13,501.5
10:17:30.212662,GREEN,1,77,223,-243,-17,960.5
10:17:30.212662,GREEN,1,195,168,-125,-72,504.0
10:17:30.212662,GREEN,1,284,101,-36,-139,917.5
10:17:30.212662,GREEN,1,179,87,-141,-153,19034.5
10:17:30.304605,GREEN,1,62,317,-258,77,1706.5
10:17:30.304605,GREEN,1,79,258,-241,18,643.5
10:17:30.304605,GREEN,1,83,214,-237,-26,728.0
10:17:30.304605,GREEN,1,231,37,-89,-203,2919.0
10:17:30.304605,GREEN,1,131,64,-189,-176,5360.0
10:17:30.393572,GREEN,1,92,345,-228,105,509.0
10:17:30.393572,GREEN,1,157,79,-163,-161,841.0
10:17:30.393572,GREEN,1,266,25,-54,-215,554.0
10:17:30.393572,GREEN,1,157,24,-163,-216,1096.0
10:17:30.569181,GREEN,1,189,38,-131,-202,1593.5
10:17:30.659320,GREEN,1,205,23,-115,-217,985.5
10:17:30.751726,GREEN,1,197,25,-123,-215,1139.5
10:17:30.843845,GREEN,1,217,16,-103,-224,612.0
10:17:30.929328,GREEN,1,224,41,-96,-199,1131.5
10:17:31.760999,GREEN,1,22,24,-298,-216,507.0
10:17:33.721003,GREEN,1,574,174,254,-66,755.5
10:17:33.912149,GREEN,1,544,165,224,-75,729.5
10:17:34.006926,GREEN,1,548,169,228,-71,1557.5
10:17:34.103801,GREEN,1,563,143,243,-97,1249.0
10:17:34.193426,GREEN,1,564,143,244,-97,523.0
10:17:35.068216,GREEN,1,14,309,-306,69,1151.5
10:17:35.068216,GREEN,1,30,232,-290,-8,3088.0
10:17:35.068216,GREEN,1,38,183,-282,-57,630.0
10:17:35.068216,GREEN,1,39,157,-281,-83,625.5
10:17:35.160862,GREEN,1,23,314,-297,74,4028.0
10:17:35.160862,GREEN,1,48,221,-272,-19,4518.5
10:17:35.160862,GREEN,1,25,149,-295,-91,1203.5
10:17:35.160862,GREEN,1,16,89,-304,-151,865.5
10:17:35.252896,GREEN,1,13,257,-307,17,2008.5
10:17:35.344699,GREEN,1,29,464,-291,224,953.0
10:17:35.344699,GREEN,1,48,267,-272,27,1865.0
10:17:35.438773,GREEN,1,33,309,-287,69,2225.5
10:17:35.438773,GREEN,1,66,245,-254,5,542.0
10:17:35.438773,GREEN,1,32,186,-288,-54,501.5
10:17:37.595537,GREEN,1,156,235,-164,-5,561.5
10:17:38.144972,GREEN,1,170,456,-150,216,642.5
10:17:43.727845,GREEN,1,502,123,182,-117,740.5
