10:17:00.578518,NAV,1,0,0,-55,0,0
10:17:01.559942,NAV,1,0,0,-8,0,0
10:17:01.691097,NAV,1,0,0,-23,0,0
10:17:01.801421,NAV,1,0,0,-12,0,0
10:17:01.892497,NAV,1,0,0,-11,0,0
10:17:01.992232,NAV,1,0,0,-25,0,0
10:17:02.087324,NAV,1,0,0,-12,0,0
10:17:02.219308,NAV,1,0,0,-11,0,0
10:17:02.321397,NAV,1,0,0,-12,0,0
10:17:02.414857,NAV,1,0,0,-12,0,0
10:17:02.507919,NAV,1,0,0,-7,0,0
10:17:02.601751,NAV,1,0,0,-12,0,0
10:17:02.700487,NAV,1,0,0,-12,0,0
10:17:02.796253,NAV,1,0,0,-12,0,0
10:17:02.914480,NAV,1,0,0,-12,0,0
10:17:03.023528,NAV,1,0,0,-12,0,0
10:17:03.124177,NAV,1,0,0,-12,0,0
10:17:03.216973,NAV,1,0,0,-12,0,0
10:17:03.308054,NAV,1,0,0,-12,0,0
10:17:03.403774,NAV,1,0,0,-12,0,0
10:17:03.497908,NAV,1,0,0,-12,0,0
10:17:03.591993,NAV,1,0,0,-12,0,0
10:17:03.687450,NAV,1,0,0,-12,0,0
10:17:03.780817,NAV,1,0,0,-12,0,0
10:17:03.876657,NAV,1,0,0,-12,0,0
10:17:03.965433,NAV,1,0,0,-1,0,0
10:17:04.059024,NAV,1,0,0,-1,0,0
10:17:04.153216,NAV,1,0,0,-12,0,0
10:17:04.248323,NAV,1,0,0,-4,0,0
10:17:04.340075,NAV,1,0,0,-12,0,0
10:17:04.427936,NAV,1,0,0,-1,0,0
10:17:04.525278,NAV,1,0,0,-1,0,0
10:17:04.621569,NAV,1,0,0,-11,0,0
10:17:04.723833,NAV,1,0,0,-12,0,0
10:17:04.819133,NAV,1,0,0,-12,0,0
10:17:04.910924,NAV,1,0,0,-12,0,0
10:17:05.004083,NAV,1,0,0,-1,0,0
10:17:05.093925,NAV,1,0,0,-1,0,0
10:17:05.188523,NAV,1,0,0,-1,0,0
10:17:05.284158,NAV,1,0,0,-1,0,0
10:17:05.379050,NAV,1,0,0,-1,0,0
10:17:05.467826,NAV,1,0,0,-1,0,0
10:17:05.560859,NAV,1,0,0,-1,0,0
10:17:05.655635,NAV,1,0,0,-1,0,0
10:17:05.750504,NAV,1,0,0,-1,0,0
10:17:05.839545,NAV,1,0,0,-1,0,0
10:17:05.934784,NAV,1,0,0,-1,0,0
10:17:06.038411,NAV,1,0,0,-1,0,0
10:17:06.129414,NAV,1,0,0,-1,0,0
10:17:06.224267,NAV,1,0,0,-1,0,0
10:17:06.319286,NAV,1,0,0,-7,0,0
10:17:06.409560,NAV,1,0,0,-12,0,0
10:17:06.502522,NAV,1,0,0,-12,0,0
10:17:06.592547,NAV,1,0,0,-8,0,0
10:17:06.689682,NAV,1,0,0,-12,0,0
10:17:06.785587,NAV,1,0,0,-1,0,0
10:17:06.882934,NAV,1,0,0,-1,0,0
10:17:06.980058,NAV,1,0,0,-1,0,0
10:17:07.079144,NAV,1,0,0,-1,0,0
10:17:07.174046,NAV,1,0,0,-1,0,0
10:17:07.273572,NAV,1,0,0,-1,0,0
10:17:07.370144,NAV,1,0,0,-1,0,0
10:17:07.461181,NAV,1,0,0,-1,0,0
10:17:07.555845,NAV,1,0,0,-1,0,0
10:17:07.650736,NAV,1,0,0,-1,0,0
10:17:07.741109,NAV,1,0,0,-12,0,0
10:17:07.835479,NAV,1,0,0,-12,0,0
10:17:07.933828,NAV,1,0,0,-8,0,0
10:17:08.030914,NAV,1,0,0,-1,0,0
10:17:08.129314,NAV,1,0,0,0,0,0
10:17:08.224309,NAV,1,0,0,-7,0,0
10:17:08.319680,NAV,1,0,0,-1,0,0
10:17:08.414539,NAV,1,0,0,-27,0,0
10:17:08.508930,NAV,1,0,0,-26,0,0
10:17:08.605313,NAV,1,0,0,-12,0,0
10:17:08.700400,NAV,1,0,0,-12,0,0
10:17:08.795096,NAV,1,0,0,-12,0,0
10:17:08.890390,NAV,1,0,0,-12,0,0
10:17:08.985166,NAV,1,0,0,-12,0,0
10:17:09.080116,NAV,1,0,0,-26,0,0
10:17:09.177005,NAV,1,0,0,-12,0,0
10:17:09.272394,NAV,1,0,0,-24,0,0
10:17:09.366622,NAV,1,0,0,-1,0,0
10:17:09.463602,NAV,1,0,0,-1,0,0
10:17:09.557584,NAV,1,0,0,-1,0,0
10:17:09.655656,NAV,1,0,0,-1,0,0
10:17:09.750734,NAV,1,0,0,-1,0,0
10:17:09.850588,NAV,1,0,0,-26,0,0
10:17:09.947174,NAV,1,0,0,-23,0,0
10:17:10.042333,NAV,1,0,0,-12,0,0
10:17:10.137071,NAV,1,0,0,-43,0,0
10:17:10.230355,NAV,1,0,0,-1,0,0
10:17:10.326657,NAV,1,0,0,-1,0,0
10:17:10.425807,NAV,1,0,0,-1,0,0
10:17:10.523008,NAV,1,0,0,-1,0,0
10:17:10.617880,NAV,1,0,0,-12,0,0
10:17:10.714449,NAV,1,0,0,-1,0,0
10:17:10.810451,NAV,1,0,0,-1,0,0
10:17:10.907942,NAV,1,0,0,-1,0,0
10:17:11.003024,NAV,1,0,0,-1,0,0
10:17:11.103167,NAV,1,0,0,-12,0,0
10:17:11.197067,NAV,1,0,0,-12,0,0
10:17:11.294563,NAV,1,0,0,-26,0,0
10:17:11.388118,NAV,1,0,0,-1,0,0
10:17:11.483044,NAV,1,0,0,-1,0,0
10:17:11.576245,NAV,1,0,0,-1,0,0
10:17:11.670880,NAV,1,0,0,-1,0,0
10:17:11.764330,NAV,1,0,0,-1,0,0
10:17:11.859137,NAV,1,0,0,-1,0,0
10:17:11.952672,NAV,1,0,0,-1,0,0
10:17:12.048290,NAV,1,0,0,-1,0,0
10:17:12.142566,NAV,1,0,0,-1,0,0
10:17:12.237074,NAV,1,0,0,-1,0,0
10:17:12.330236,NAV,1,0,0,-1,0,0
10:17:12.425990,NAV,1,0,0,-1,0,0
10:17:12.522784,NAV,1,0,0,-1,0,0
10:17:12.617978,NAV,1,0,0,-1,0,0
10:17:12.717226,NAV,1,0,0,-1,0,0
10:17:12.812622,NAV,1,0,0,-7,0,0
10:17:12.907919,NAV,1,0,0,-12,0,0
10:17:13.003789,NAV,1,0,0,-12,0,0
10:17:13.098432,NAV,1,0,0,-1,0,0
10:17:13.197813,NAV,1,0,0,-1,0,0
10:17:13.292404,NAV,1,0,0,-8,0,0
10:17:13.388915,NAV,1,0,0,-18,0,0
10:17:13.485651,NAV,1,0,0,-4,0,0
10:17:13.583040,NAV,1,0,0,-6,0,0
10:17:13.680924,NAV,1,0,0,-12,0,0
10:17:13.779164,NAV,1,0,0,-12,0,0
10:17:13.876935,NAV,1,0,0,-12,0,0
10:17:13.976437,NAV,1,0,0,-24,0,0
10:17:14.072932,NAV,1,0,0,-12,0,0
10:17:14.174508,NAV,1,0,0,-28,0,0
10:17:14.268625,NAV,1,0,0,-25,0,0
10:17:14.365968,NAV,1,0,0,-12,0,0
10:17:14.463323,NAV,1,0,0,-25,0,0
10:17:14.559089,NAV,1,0,0,-24,0,0
10:17:14.653563,NAV,1,0,0,-12,0,0
10:17:14.746648,NAV,1,0,0,-26,0,0
10:17:14.839496,NAV,1,0,0,-13,0,0
10:17:14.934060,NAV,1,0,0,-13,0,0
10:17:15.027145,NAV,1,0,0,-43,0,0
10:17:15.125166,NAV,1,0,0,-12,0,0
10:17:15.222609,NAV,1,0,0,-12,0,0
10:17:15.313993,NAV,1,0,0,-27,0,0
10:17:15.407279,NAV,1,0,0,-43,0,0
10:17:15.502510,NAV,1,0,0,-12,0,0
10:17:15.598723,NAV,1,0,0,-43,0,0
10:17:15.689207,NAV,1,0,0,-27,0,0
10:17:15.784529,NAV,1,0,0,-27,0,0
10:17:15.876691,NAV,1,0,0,-12,0,0
10:17:15.973648,NAV,1,0,0,-12,0,0
10:17:16.069544,NAV,1,0,0,-26,0,0
10:17:16.162973,NAV,1,0,0,-26,0,0
10:17:16.257685,NAV,1,0,0,-7,0,0
10:17:16.356682,NAV,1,0,0,-12,0,0
10:17:16.452657,NAV,1,0,0,-23,0,0
10:17:16.548064,NAV,1,0,0,-1,0,0
10:17:16.647339,NAV,1,0,0,-12,0,0
10:17:16.743255,NAV,1,0,0,-1,0,0
10:17:16.838113,NAV,1,0,0,-22,0,0
10:17:16.943087,NAV,1,0,0,-12,0,0
10:17:17.042739,NAV,1,0,0,-27,0,0
10:17:17.140227,NAV,1,0,0,-27,0,0
10:17:17.241093,NAV,1,0,0,-23,0,0
10:17:17.337310,NAV,1,0,0,-27,0,0
10:17:17.437714,NAV,1,0,0,-27,0,0
10:17:17.533785,NAV,1,0,0,-1,0,0
10:17:17.631299,NAV,1,0,0,-1,0,0
10:17:17.728910,NAV,1,0,0,-26,0,0
10:17:17.824959,NAV,1,0,0,-27,0,0
10:17:17.920817,NAV,1,0,0,-27,0,0
10:17:18.020073,NAV,1,0,0,-1,0,0
10:17:18.118118,NAV,1,0,0,-1,0,0
10:17:18.212975,NAV,1,0,0,-1,0,0
10:17:18.308527,NAV,1,0,0,-1,0,0
10:17:18.405846,NAV,1,0,0,-1,0,0
10:17:18.502261,NAV,1,0,0,-1,0,0
10:17:18.598562,NAV,1,0,0,-1,0,0
10:17:18.704518,NAV,1,0,0,-1,0,0
10:17:18.800946,NAV,1,0,0,-1,0,0
10:17:18.900014,NAV,1,0,0,-1,0,0
10:17:19.000919,NAV,1,0,0,-1,0,0
10:17:19.100285,NAV,1,0,0,-1,0,0
10:17:19.195069,NAV,1,0,0,-1,0,0
10:17:19.290479,NAV,1,0,0,-43,0,0
10:17:19.378657,NAV,1,0,0,-1,0,0
10:17:19.473445,NAV,1,0,0,-1,0,0
10:17:19.570475,NAV,1,0,0,-1,0,0
10:17:19.660832,NAV,1,0,0,1,0,0
10:17:19.753576,NAV,1,0,0,13,0,0
10:17:19.846291,NAV,1,0,0,37,0,0
10:17:19.940570,NAV,1,0,0,-5,0,0
10:17:20.026987,NAV,1,0,0,105,0,0
10:17:20.117768,NAV,1,0,0,32,0,0
10:17:20.208493,NAV,1,0,0,48,0,0
10:17:20.292625,NAV,1,0,0,0,0,0
10:17:20.374428,NAV,1,0,0,2,0,0
10:17:20.458115,NAV,1,0,0,-1,0,0
10:17:20.557844,NAV,1,0,0,-1,0,0
10:17:20.648820,NAV,1,0,0,-1,0,0
10:17:20.747931,NAV,1,0,0,-1,0,0
10:17:20.842290,NAV,1,0,0,0,0,0
10:17:20.938836,NAV,1,0,0,-94,0,0
10:17:21.030055,NAV,1,0,0,-44,0,0
10:17:21.118410,NAV,1,0,0,0,0,0
10:17:21.208018,NAV,1,0,0,0,0,0
10:17:21.296311,NAV,1,0,0,-17,0,0
10:17:21.392933,NAV,1,0,0,-15,0,0
10:17:21.487200,NAV,1,0,0,-14,0,0
10:17:21.580501,NAV,1,0,0,-18,0,0
10:17:21.673199,NAV,1,0,0,-27,0,0
10:17:21.768161,NAV,1,0,0,-44,0,0
10:17:21.860284,NAV,1,0,0,0,0,0
10:17:21.950040,NAV,1,0,0,0,0,0
10:17:22.037849,NAV,1,0,0,0,0,0
10:17:22.136622,NAV,1,0,0,0,0,0
10:17:22.221540,NAV,1,0,0,0,0,0
10:17:22.312257,NAV,1,0,0,0,0,0
10:17:22.405778,NAV,1,0,0,0,0,0
10:17:22.494400,NAV,1,0,0,0,0,0
10:17:22.582991,NAV,1,0,0,0,0,0
10:17:22.680752,NAV,1,0,0,-54,0,0
10:17:22.779871,NAV,1,0,0,-54,0,0
10:17:22.870896,NAV,1,0,0,18,0,0
10:17:22.966150,NAV,1,0,0,6,0,0
10:17:23.054156,NAV,1,0,0,8,0,0
10:17:23.148596,NAV,1,0,0,-9,0,0
10:17:23.240846,NAV,1,0,0,2,0,0
10:17:23.327726,NAV,1,0,0,-1,0,0
10:17:23.421229,NAV,1,0,0,-1,0,0
10:17:23.513084,NAV,1,0,0,-1,0,0
10:17:23.605200,NAV,1,0,0,-1,0,0
10:17:23.695995,NAV,1,0,0,-1,0,0
10:17:23.792390,NAV,1,0,0,-7,0,0
10:17:23.885378,NAV,1,0,0,4,0,0
10:17:23.979945,NAV,1,0,0,-4,0,0
10:17:24.075898,NAV,1,0,0,-21,0,0
10:17:24.170325,NAV,1,0,0,0,0,0
10:17:24.267992,NAV,1,0,0,23,0,0
10:17:24.360620,NAV,1,0,0,-1,0,0
10:17:24.454683,NAV,1,0,0,-29,0,0
10:17:24.548010,NAV,1,0,0,-19,0,0
10:17:24.644187,NAV,1,0,0,-11,0,0
10:17:24.740822,NAV,1,0,0,-7,0,0
10:17:24.835078,NAV,1,0,0,-1,0,0
10:17:24.929593,NAV,1,0,0,5,0,0
10:17:25.025215,NAV,1,0,0,7,0,0
10:17:25.122106,NAV,1,0,0,15,0,0
10:17:25.225013,NAV,1,0,0,17,0,0
10:17:25.316858,NAV,1,0,0,26,0,0
10:17:25.414416,NAV,1,0,0,-1,0,0
10:17:25.505110,NAV,1,0,0,-19,0,0
10:17:25.596295,NAV,1,0,0,-5,0,0
10:17:25.699247,NAV,1,0,0,0,0,0
10:17:25.798149,NAV,1,0,0,0,0,0
10:17:25.892591,NAV,1,0,0,-50,0,0
10:17:25.990885,NAV,1,0,0,0,0,0
10:17:26.092748,NAV,1,0,0,-15,0,0
10:17:26.196780,NAV,1,0,0,0,0,0
10:17:26.293841,NAV,1,0,0,0,0,0
10:17:26.387390,NAV,1,0,0,0,0,0
10:17:26.474264,NAV,1,0,0,0,0,0
10:17:26.569501,NAV,1,0,0,-1,0,0
10:17:26.660711,NAV,1,0,0,-1,0,0
10:17:26.750652,NAV,1,0,0,-1,0,0
10:17:26.849818,NAV,1,0,0,8,0,0
10:17:26.940927,NAV,1,0,0,1,0,0
10:17:27.032297,NAV,1,0,0,-7,0,0
10:17:27.126447,NAV,1,0,0,-1,0,0
10:17:27.222135,NAV,1,0,0,-1,0,0
10:17:27.317737,NAV,1,0,0,-1,0,0
10:17:27.408165,NAV,1,0,0,-1,0,0
10:17:27.501855,NAV,1,0,0,-1,0,0
10:17:27.593073,NAV,1,0,0,-1,0,0
10:17:27.685431,NAV,1,0,0,-1,0,0
10:17:27.774563,NAV,1,0,0,-1,0,0
10:17:27.865520,NAV,1,0,0,-1,0,0
10:17:27.964376,NAV,1,0,0,-1,0,0
10:17:28.057553,NAV,1,0,0,-1,0,0
10:17:28.151119,NAV,1,0,0,10,0,0
10:17:28.243269,NAV,1,0,0,0,0,0
10:17:28.340288,NAV,1,0,0,-3,0,0
10:17:28.434880,NAV,1,0,0,-10,0,0
10:17:28.527793,NAV,1,0,0,-13,0,0
10:17:28.627366,NAV,1,0,0,-8,0,0
10:17:28.726297,NAV,1,0,0,2,0,0
10:17:28.818267,NAV,1,0,0,-6,0,0
10:17:28.913086,NAV,1,0,0,5,0,0
10:17:29.006163,NAV,1,0,0,-5,0,0
10:17:29.105065,NAV,1,0,0,-2,0,0
10:17:29.200626,NAV,1,0,0,1,0,0
10:17:29.294121,NAV,1,0,0,5,0,0
10:17:29.388420,NAV,1,0,0,-1,0,0
10:17:29.480389,NAV,1,0,0,-1,0,0
10:17:29.572820,NAV,1,0,0,-19,0,0
10:17:29.665592,NAV,1,0,0,0,0,0
10:17:29.759058,NAV,1,0,0,0,0,0
10:17:29.852371,NAV,1,0,0,0,0,0
10:17:29.945571,NAV,1,0,0,0,0,0
10:17:30.035544,NAV,1,0,0,0,0,0
10:17:30.124340,NAV,1,0,0,0,0,0
10:17:30.212662,NAV,1,0,0,0,0,0
10:17:30.304605,NAV,1,0,0,0,0,0
10:17:30.393572,NAV,1,0,0,0,0,0
10:17:30.485198,NAV,1,0,0,-28,0,0
10:17:30.569181,NAV,1,0,0,0,0,0
10:17:30.659320,NAV,1,0,0,0,0,0
10:17:30.751726,NAV,1,0,0,0,0,0
10:17:30.843845,NAV,1,0,0,0,0,0
10:17:30.929328,NAV,1,0,0,33,0,0
10:17:31.011755,NAV,1,0,0,0,0,0
10:17:31.100847,NAV,1,0,0,0,0,0
10:17:31.193675,NAV,1,0,0,0,0,0
10:17:31.285158,NAV,1,0,0,0,0,0
10:17:31.382681,NAV,1,0,0,51,0,0
10:17:31.480464,NAV,1,0,0,0,0,0
10:17:31.579203,NAV,1,0,0,0,0,0
10:17:31.669937,NAV,1,0,0,0,0,0
10:17:31.760999,NAV,1,0,0,85,0,0
10:17:31.851779,NAV,1,0,0,0,0,0
10:17:31.937459,NAV,1,0,0,85,0,0
10:17:32.027557,NAV,1,0,0,93,0,0
10:17:32.121870,NAV,1,0,0,38,0,0
10:17:32.215599,NAV,1,0,0,-46,0,0
10:17:32.308518,NAV,1,0,0,-43,0,0
10:17:32.404579,NAV,1,0,0,-1,0,0
10:17:32.500855,NAV,1,0,0,-1,0,0
10:17:32.600273,NAV,1,0,0,-1,0,0
10:17:32.697007,NAV,1,0,0,-1,0,0
10:17:32.791366,NAV,1,0,0,3,0,0
10:17:32.887936,NAV,1,0,0,-6,0,0
10:17:32.982164,NAV,1,0,0,-1,0,0
10:17:33.077085,NAV,1,0,0,-1,0,0
10:17:33.161073,NAV,1,0,0,-1,0,0
10:17:33.259137,NAV,1,0,0,-1,0,0
10:17:33.349401,NAV,1,0,0,-22,0,0
10:17:33.440226,NAV,1,0,0,-1,0,0
10:17:33.531031,NAV,1,0,0,-1,0,0
10:17:33.622529,NAV,1,0,0,-1,0,0
10:17:33.721003,NAV,1,0,0,-1,0,0
10:17:33.812954,NAV,1,0,0,-1,0,0
10:17:33.912149,NAV,1,0,0,68,0,0
10:17:34.006926,NAV,1,0,0,-1,0,0
10:17:34.103801,NAV,1,0,0,-1,0,0
10:17:34.193426,NAV,1,0,0,-1,0,0
10:17:34.289362,NAV,1,0,0,-1,0,0
10:17:34.381511,NAV,1,0,0,-1,0,0
10:17:34.477686,NAV,1,0,0,-1,0,0
10:17:34.571362,NAV,1,0,0,-1,0,0
10:17:34.669717,NAV,1,0,0,-14,0,0
10:17:34.771032,NAV,1,0,0,5,0,0
10:17:34.869884,NAV,1,0,0,18,0,0
10:17:34.974749,NAV,1,0,0,27,0,0
10:17:35.068216,NAV,1,0,0,0,0,0
10:17:35.160862,NAV,1,0,0,-81,0,0
10:17:35.252896,NAV,1,0,0,-1,0,0
10:17:35.344699,NAV,1,0,0,1,0,0
10:17:35.438773,NAV,1,0,0,0,0,0
10:17:35.526143,NAV,1,0,0,0,0,0
10:17:35.617179,NAV,1,0,0,0,0,0
10:17:35.704168,NAV,1,0,0,0,0,0
10:17:35.790918,NAV,1,0,0,-51,0,0
10:17:35.882895,NAV,1,0,0,-24,0,0
10:17:35.972131,NAV,1,0,0,-49,0,0
10:17:36.059174,NAV,1,0,0,-4,0,0
10:17:36.147900,NAV,1,0,0,29,0,0
10:17:36.234446,NAV,1,0,0,37,0,0
10:17:36.321240,NAV,1,0,0,43,0,0
10:17:36.409151,NAV,1,0,0,-1,0,0
10:17:36.495869,NAV,1,0,0,-1,0,0
10:17:36.588342,NAV,1,0,0,21,0,0
10:17:36.681957,NAV,1,0,0,43,0,0
10:17:36.771840,NAV,1,0,0,-1,0,0
10:17:36.863511,NAV,1,0,0,35,0,0
10:17:36.957073,NAV,1,0,0,-31,0,0
10:17:37.049879,NAV,1,0,0,-1,0,0
10:17:37.147245,NAV,1,0,0,-1,0,0
10:17:37.232352,NAV,1,0,0,-1,0,0
10:17:37.325095,NAV,1,0,0,-1,0,0
10:17:37.415033,NAV,1,0,0,-1,0,0
10:17:37.505964,NAV,1,0,0,-1,0,0
10:17:37.595537,NAV,1,0,0,-43,0,0
10:17:37.686723,NAV,1,0,0,-47,0,0
10:17:37.774870,NAV,1,0,0,-54,0,0
10:17:37.859948,NAV,1,0,0,0,0,0
10:17:37.954868,NAV,1,0,0,0,0,0
10:17:38.045875,NAV,1,0,0,0,0,0
10:17:38.144972,NAV,1,0,0,0,0,0
10:17:38.237399,NAV,1,0,0,-58,0,0
10:17:38.332098,NAV,1,0,0,-72,0,0
10:17:38.422513,NAV,1,0,0,1,0,0
10:17:38.513366,NAV,1,0,0,-1,0,0
10:17:38.606434,NAV,1,0,0,-6,0,0
10:17:38.700103,NAV,1,0,0,-40,0,0
10:17:38.792892,NAV,1,0,0,0,0,0
10:17:38.886273,NAV,1,0,0,0,0,0
10:17:38.979616,NAV,1,0,0,0,0,0
10:17:39.073638,NAV,1,0,0,0,0,0
10:17:39.172534,NAV,1,0,0,0,0,0
10:17:39.267257,NAV,1,0,0,5,0,0
10:17:39.368231,NAV,1,0,0,16,0,0
10:17:39.461936,NAV,1,0,0,-9,0,0
10:17:39.556796,NAV,1,0,0,-19,0,0
10:17:39.650117,NAV,1,0,0,-1,0,0
10:17:39.747659,NAV,1,0,0,-1,0,0
10:17:39.844196,NAV,1,0,0,-1,0,0
10:17:39.940286,NAV,1,0,0,0,0,0
10:17:40.036286,NAV,1,0,0,0,0,0
10:17:40.134819,NAV,1,0,0,0,0,0
10:17:40.221321,NAV,1,0,0,-56,0,0
10:17:40.307131,NAV,1,0,0,0,0,0
10:17:40.393432,NAV,1,0,0,-1,0,0
10:17:40.481694,NAV,1,0,0,-1,0,0
10:17:40.570761,NAV,1,0,0,-43,0,0
10:17:40.660097,NAV,1,0,0,-1,0,0
10:17:40.759439,NAV,1,0,0,-1,0,0
10:17:40.849740,NAV,1,0,0,-1,0,0
10:17:40.951790,NAV,1,0,0,-1,0,0
10:17:41.052281,NAV,1,0,0,-1,0,0
10:17:41.160954,NAV,1,0,0,-1,0,0
10:17:41.263238,NAV,1,0,0,-1,0,0
10:17:41.366886,NAV,1,0,0,-1,0,0
10:17:41.469751,NAV,1,0,0,-1,0,0
10:17:41.572587,NAV,1,0,0,-1,0,0
10:17:41.676525,NAV,1,0,0,-1,0,0
10:17:41.777439,NAV,1,0,0,-1,0,0
10:17:41.873332,NAV,1,0,0,-1,0,0
10:17:41.976615,NAV,1,0,0,-1,0,0
10:17:42.078557,NAV,1,0,0,-1,0,0
10:17:42.179736,NAV,1,0,0,-22,0,0
10:17:42.277706,NAV,1,0,0,9,0,0
10:17:42.371993,NAV,1,0,0,-1,0,0
10:17:42.471769,NAV,1,0,0,-1,0,0
10:17:42.575215,NAV,1,0,0,-1,0,0
10:17:42.678850,NAV,1,0,0,-1,0,0
10:17:42.783274,NAV,1,0,0,-1,0,0
10:17:42.892532,NAV,1,0,0,-1,0,0
10:17:42.998455,NAV,1,0,0,-1,0,0
10:17:43.097941,NAV,1,0,0,-1,0,0
10:17:43.197916,NAV,1,0,0,-1,0,0
10:17:43.298768,NAV,1,0,0,-1,0,0
10:17:43.401382,NAV,1,0,0,-1,0,0
10:17:43.512451,NAV,1,0,0,-9,0,0
10:17:43.620362,NAV,1,0,0,7,0,0
10:17:43.727845,NAV,1,0,0,-1,0,0
10:17:43.841339,NAV,1,0,0,-1,0,0
10:17:43.950931,NAV,1,0,0,-44,0,0
10:17:44.064227,NAV,1,0,0,-44,0,0
10:17:44.175262,NAV,1,0,0,-2,0,0
10:17:44.283249,NAV,1,0,0,-2,0,0
10:17:44.383395,NAV,1,0,0,-13,0,0
10:17:44.493615,NAV,1,0,0,-6,0,0
10:17:44.598045,NAV,1,0,0,-6,0,0
10:17:44.701488,NAV,1,0,0,-1,0,0
10:17:44.804722,NAV,1,0,0,-1,0,0
10:17:44.911772,NAV,1,0,0,-1,0,0
