09:56:03.659508,GREEN,1,334,77,14,-163,1377.5
09:56:20.042515,GREEN,1,615,106,295,-134,567.5
09:56:20.137459,GREEN,1,616,95,296,-145,514.0
09:56:21.898828,GREEN,1,616,31,296,-209,793.5
09:56:21.997095,GREEN,1,612,126,292,-114,534.0
09:56:22.092098,GREEN,1,620,33,300,-207,1275.5
09:56:22.187211,GREEN,1,614,32,294,-208,1011.0
09:56:22.284000,GREEN,1,618,55,298,-185,1383.5
09:56:22.375984,GREEN,1,598,117,278,-123,581.5
09:56:22.375984,GREEN,1,618,43,298,-197,1980.0
09:56:22.470017,GREEN,1,604,111,284,-129,642.5
09:56:22.470017,GREEN,1,613,48,293,-192,2350.5
09:56:22.562261,GREEN,1,613,51,293,-189,2476.0
09:56:22.654414,GREEN,1,609,121,289,-119,526.5
09:56:22.654414,GREEN,1,609,53,289,-187,2793.0
09:56:22.744691,GREEN,1,611,56,291,-184,2539.5
09:56:23.173282,GREEN,1,612,113,292,-127,732.5
09:56:23.173282,GREEN,1,614,58,294,-182,3099.5
09:56:23.400475,GREEN,1,609,76,289,-164,4348.5
09:56:23.494246,GREEN,1,611,116,291,-124,920.5
09:56:23.494246,GREEN,1,610,58,290,-182,3150.5
09:56:24.012578,GREEN,1,608,128,288,-112,707.0
09:56:24.012578,GREEN,1,612,68,292,-172,3407.0
09:56:24.110748,GREEN,1,608,132,288,-108,607.0
09:56:24.110748,GREEN,1,617,62,297,-178,2995.0
09:56:24.286729,GREEN,1,603,142,283,-98,675.0
09:56:24.286729,GREEN,1,615,67,295,-173,2995.5
09:56:24.739801,GREEN,1,611,82,291,-158,4100.5
09:56:25.106701,GREEN,1,600,147,280,-93,551.5
09:56:25.106701,GREEN,1,612,70,292,-170,3419.5
09:56:25.203836,GREEN,1,608,80,288,-160,3624.5
09:56:25.302391,GREEN,1,611,128,291,-112,599.5
09:56:25.302391,GREEN,1,611,71,291,-169,3282.0
09:56:25.810590,GREEN,1,606,139,286,-101,516.5
09:56:25.810590,GREEN,1,612,73,292,-167,3096.5
09:56:25.906698,GREEN,1,614,70,294,-170,3063.0
09:56:26.245840,GREEN,1,613,130,293,-110,831.0
09:56:26.245840,GREEN,1,610,71,290,-169,2964.0
09:56:26.339132,GREEN,1,612,67,292,-173,2982.0
09:56:26.443176,GREEN,1,604,94,284,-146,4255.5
09:56:26.545213,GREEN,1,608,77,288,-163,3627.5
09:56:26.649985,GREEN,1,601,143,281,-97,502.5
09:56:26.649985,GREEN,1,612,70,292,-170,2823.5
09:56:27.149883,GREEN,1,602,153,282,-87,628.5
09:56:27.149883,GREEN,1,612,78,292,-162,2798.5
09:56:27.637126,GREEN,1,607,140,287,-100,514.0
09:56:27.637126,GREEN,1,621,74,301,-166,1684.0
09:56:28.128674,GREEN,1,611,130,291,-110,923.0
09:56:28.128674,GREEN,1,622,56,302,-184,951.0
09:56:28.228338,GREEN,1,609,143,289,-97,568.5
09:56:28.228338,GREEN,1,622,55,302,-185,654.5
09:56:28.441954,GREEN,1,611,141,291,-99,831.0
09:56:28.931091,GREEN,1,605,143,285,-97,642.5
09:56:29.259263,GREEN,1,608,141,288,-99,556.0
09:56:29.452139,GREEN,1,607,147,287,-93,514.0
09:56:33.429635,GREEN,1,613,46,293,-194,661.5
09:56:33.619169,GREEN,1,607,50,287,-190,830.0
09:56:33.717705,GREEN,1,601,58,281,-182,616.0
09:56:33.816662,GREEN,1,601,51,281,-189,668.0
09:56:33.917438,GREEN,1,602,50,282,-190,815.0
09:56:34.212645,GREEN,1,505,326,185,86,519.0
09:56:34.533043,GREEN,1,497,316,177,76,537.5
09:56:34.533043,GREEN,1,598,43,278,-197,535.5
09:56:34.637277,GREEN,1,494,309,174,69,945.5
09:56:34.739074,GREEN,1,496,312,176,72,528.5
09:56:34.839965,GREEN,1,491,312,171,72,643.0
09:56:34.945524,GREEN,1,492,313,172,73,787.5
09:56:35.050071,GREEN,1,488,308,168,68,967.0
09:56:35.152669,GREEN,1,493,310,173,70,928.5
09:56:35.261586,GREEN,1,491,305,171,65,813.5
09:56:38.577266,GREEN,1,554,302,234,62,880.5
09:56:38.577266,GREEN,1,507,299,187,59,1020.5
09:56:38.671850,GREEN,1,544,289,224,49,511.0
09:56:39.171767,GREEN,1,629,263,309,23,529.0
09:56:39.727319,GREEN,1,626,123,306,-117,556.5
09:56:40.239516,GREEN,1,617,346,297,106,501.5
09:56:40.239516,GREEN,1,631,273,311,33,567.5
09:56:40.954706,GREEN,1,614,354,294,114,570.5
09:56:41.122099,GREEN,1,605,357,285,117,514.5
09:56:41.298697,GREEN,1,631,275,311,35,514.0
09:56:41.587993,GREEN,1,609,359,289,119,526.0
09:56:41.967326,GREEN,1,607,353,287,113,525.5
09:56:43.321305,GREEN,1,614,142,294,-98,873.0
09:56:43.860428,GREEN,1,558,123,238,-117,668.5
09:56:43.860428,GREEN,1,536,107,216,-133,541.0
09:56:43.950513,GREEN,1,533,107,213,-133,2044.5
