09:55:59.382592,NAV,1,0,0,-1,0,0
09:56:00.390712,NAV,1,0,0,-1,0,0
09:56:00.523030,NAV,1,0,0,-1,0,0
09:56:00.633979,NAV,1,0,0,-1,0,0
09:56:00.732238,NAV,1,0,0,-1,0,0
09:56:00.825859,NAV,1,0,0,-1,0,0
09:56:00.927752,NAV,1,0,0,-1,0,0
09:56:01.066394,NAV,1,0,0,-1,0,0
09:56:01.161963,NAV,1,0,0,-1,0,0
09:56:01.251668,NAV,1,0,0,-1,0,0
09:56:01.346634,NAV,1,0,0,-29,0,0
09:56:01.442412,NAV,1,0,0,-1,0,0
09:56:01.532766,NAV,1,0,0,-1,0,0
09:56:01.633727,NAV,1,0,0,-16,0,0
09:56:01.735045,NAV,1,0,0,-11,0,0
09:56:01.833223,NAV,1,0,0,-1,0,0
09:56:01.916550,NAV,1,0,0,-1,0,0
09:56:02.006505,NAV,1,0,0,-1,0,0
09:56:02.104669,NAV,1,0,0,-1,0,0
09:56:02.199995,NAV,1,0,0,-1,0,0
09:56:02.299930,NAV,1,0,0,-1,0,0
09:56:02.389242,NAV,1,0,0,-1,0,0
09:56:02.479165,NAV,1,0,0,-1,0,0
09:56:02.569746,NAV,1,0,0,-1,0,0
09:56:02.658277,NAV,1,0,0,-1,0,0
09:56:02.750240,NAV,1,0,0,-1,0,0
09:56:02.848396,NAV,1,0,0,-1,0,0
09:56:02.945762,NAV,1,0,0,72,0,0
09:56:03.043620,NAV,1,0,0,-1,0,0
09:56:03.151649,NAV,1,0,0,-1,0,0
09:56:03.253009,NAV,1,0,0,-1,0,0
09:56:03.350492,NAV,1,0,0,-1,0,0
09:56:03.453191,NAV,1,0,0,-1,0,0
09:56:03.549264,NAV,1,0,0,-1,0,0
09:56:03.659508,NAV,1,0,0,-1,0,0
09:56:03.765320,NAV,1,0,0,-1,0,0
09:56:03.871437,NAV,1,0,0,-1,0,0
09:56:03.974054,NAV,1,0,0,-1,0,0
09:56:04.075045,NAV,1,0,0,-1,0,0
09:56:04.175512,NAV,1,0,0,-1,0,0
09:56:04.270847,NAV,1,0,0,-1,0,0
09:56:04.370005,NAV,1,0,0,-1,0,0
09:56:04.471652,NAV,1,0,0,-1,0,0
09:56:04.570354,NAV,1,0,0,-1,0,0
09:56:04.668951,NAV,1,0,0,-1,0,0
09:56:04.768524,NAV,1,0,0,-1,0,0
09:56:04.868279,NAV,1,0,0,-1,0,0
09:56:04.966884,NAV,1,0,0,-1,0,0
09:56:05.062779,NAV,1,0,0,-1,0,0
09:56:05.158903,NAV,1,0,0,-1,0,0
09:56:05.258103,NAV,1,0,0,-1,0,0
09:56:05.358349,NAV,1,0,0,-1,0,0
09:56:05.461768,NAV,1,0,0,-1,0,0
09:56:05.562931,NAV,1,0,0,-1,0,0
09:56:05.666933,NAV,1,0,0,-1,0,0
09:56:05.770877,NAV,1,0,0,-1,0,0
09:56:05.888290,NAV,1,0,0,-1,0,0
09:56:05.984810,NAV,1,0,0,-1,0,0
09:56:06.085659,NAV,1,0,0,-1,0,0
09:56:06.184617,NAV,1,0,0,-1,0,0
09:56:06.282755,NAV,1,0,0,-1,0,0
09:56:06.381455,NAV,1,0,0,-1,0,0
09:56:06.480050,NAV,1,0,0,-1,0,0
09:56:06.576629,NAV,1,0,0,-1,0,0
09:56:06.685667,NAV,1,0,0,-1,0,0
09:56:06.791457,NAV,1,0,0,-1,0,0
09:56:06.892602,NAV,1,0,0,-1,0,0
09:56:06.992509,NAV,1,0,0,-1,0,0
09:56:07.100328,NAV,1,0,0,-1,0,0
09:56:07.198602,NAV,1,0,0,0,0,0
09:56:07.298717,NAV,1,0,0,0,0,0
09:56:07.395726,NAV,1,0,0,-18,0,0
09:56:07.494546,NAV,1,0,0,-2,0,0
09:56:07.590413,NAV,1,0,0,-1,0,0
09:56:07.698426,NAV,1,0,0,-1,0,0
09:56:07.800561,NAV,1,0,0,-1,0,0
09:56:07.896279,NAV,1,0,0,-1,0,0
09:56:07.994831,NAV,1,0,0,-1,0,0
09:56:08.104665,NAV,1,0,0,-1,0,0
09:56:08.204839,NAV,1,0,0,-1,0,0
09:56:08.309152,NAV,1,0,0,-1,0,0
09:56:08.403735,NAV,1,0,0,-1,0,0
09:56:08.514072,NAV,1,0,0,-1,0,0
09:56:08.623268,NAV,1,0,0,-1,0,0
09:56:08.732899,NAV,1,0,0,-1,0,0
09:56:08.839746,NAV,1,0,0,-1,0,0
09:56:08.949269,NAV,1,0,0,-1,0,0
09:56:09.044628,NAV,1,0,0,-29,0,0
09:56:09.139141,NAV,1,0,0,0,0,0
09:56:09.223222,NAV,1,0,0,69,0,0
09:56:09.315993,NAV,1,0,0,-29,0,0
09:56:09.401475,NAV,1,0,0,-43,0,0
09:56:09.493749,NAV,1,0,0,0,0,0
09:56:09.584642,NAV,1,0,0,25,0,0
09:56:09.672657,NAV,1,0,0,-1,0,0
09:56:09.763266,NAV,1,0,0,-1,0,0
09:56:09.853001,NAV,1,0,0,-1,0,0
09:56:09.946769,NAV,1,0,0,-1,0,0
09:56:10.042240,NAV,1,0,0,-1,0,0
09:56:10.142602,NAV,1,0,0,-1,0,0
09:56:10.240498,NAV,1,0,0,-1,0,0
09:56:10.339760,NAV,1,0,0,-1,0,0
09:56:10.437893,NAV,1,0,0,-1,0,0
09:56:10.535721,NAV,1,0,0,-1,0,0
09:56:10.631183,NAV,1,0,0,-1,0,0
09:56:10.791401,NAV,1,0,0,-1,0,0
09:56:11.020650,NAV,1,0,0,0,0,0
09:56:11.125071,NAV,1,0,0,-8,0,0
09:56:11.224505,NAV,1,0,0,-1,0,0
09:56:11.448217,NAV,1,0,0,-1,0,0
09:56:11.606105,NAV,1,0,0,-1,0,0
09:56:11.732306,NAV,1,0,0,-1,0,0
09:56:11.943936,NAV,1,0,0,-1,0,0
09:56:12.128349,NAV,1,0,0,-1,0,0
09:56:12.471595,NAV,1,0,0,-1,0,0
09:56:12.668533,NAV,1,0,0,-1,0,0
09:56:12.804496,NAV,1,0,0,-1,0,0
09:56:12.897406,NAV,1,0,0,-1,0,0
09:56:12.991398,NAV,1,0,0,-1,0,0
09:56:13.084996,NAV,1,0,0,-1,0,0
09:56:13.367817,NAV,1,0,0,-1,0,0
09:56:13.674094,NAV,1,0,0,-1,0,0
09:56:13.947911,NAV,1,0,0,-1,0,0
09:56:14.182741,NAV,1,0,0,-1,0,0
09:56:14.285026,NAV,1,0,0,-1,0,0
09:56:14.565283,NAV,1,0,0,-1,0,0
09:56:14.821988,NAV,1,0,0,-1,0,0
09:56:15.087721,NAV,1,0,0,-1,0,0
09:56:15.306485,NAV,1,0,0,-1,0,0
09:56:15.545860,NAV,1,0,0,-1,0,0
09:56:15.756031,NAV,1,0,0,-1,0,0
09:56:15.859358,NAV,1,0,0,-1,0,0
09:56:16.150413,NAV,1,0,0,-1,0,0
09:56:16.490408,NAV,1,0,0,-1,0,0
09:56:16.755229,NAV,1,0,0,-1,0,0
09:56:16.881782,NAV,1,0,0,-114,0,0
09:56:16.967357,NAV,1,0,0,-116,0,0
09:56:17.052281,NAV,1,0,0,-111,0,0
09:56:17.139260,NAV,1,0,0,-115,0,0
09:56:17.219366,NAV,1,0,0,-115,0,0
09:56:17.303289,NAV,1,0,0,-86,0,0
09:56:17.384080,NAV,1,0,0,-116,0,0
09:56:17.463813,NAV,1,0,0,-86,0,0
09:56:17.545558,NAV,1,0,0,-84,0,0
09:56:17.627537,NAV,1,0,0,-115,0,0
09:56:17.709980,NAV,1,0,0,-87,0,0
09:56:17.789368,NAV,1,0,0,-94,0,0
09:56:17.869979,NAV,1,0,0,-106,0,0
09:56:17.952165,NAV,1,0,0,-1,0,0
09:56:18.033929,NAV,1,0,0,-1,0,0
09:56:18.120958,NAV,1,0,0,-1,0,0
09:56:18.202667,NAV,1,0,0,-1,0,0
09:56:18.281127,NAV,1,0,0,23,0,0
09:56:18.362036,NAV,1,0,0,-4,0,0
09:56:18.443999,NAV,1,0,0,15,0,0
09:56:18.525907,NAV,1,0,0,-1,0,0
09:56:18.607424,NAV,1,0,0,-1,0,0
09:56:18.696893,NAV,1,0,0,-1,0,0
09:56:18.783800,NAV,1,0,0,-1,0,0
09:56:18.870322,NAV,1,0,0,-1,0,0
09:56:18.956555,NAV,1,0,0,-1,0,0
09:56:19.043959,NAV,1,0,0,-1,0,0
09:56:19.132450,NAV,1,0,0,-1,0,0
09:56:19.222523,NAV,1,0,0,11,0,0
09:56:19.309862,NAV,1,0,0,-1,0,0
09:56:19.397491,NAV,1,0,0,-1,0,0
09:56:19.487205,NAV,1,0,0,-1,0,0
09:56:19.578595,NAV,1,0,0,-100,0,0
09:56:19.664468,NAV,1,0,0,-1,0,0
09:56:19.753201,NAV,1,0,0,-1,0,0
09:56:19.842316,NAV,1,0,0,-1,0,0
09:56:19.938136,NAV,1,0,0,-1,0,0
09:56:20.042515,NAV,1,0,0,-1,0,0
09:56:20.137459,NAV,1,0,0,-1,0,0
09:56:20.236448,NAV,1,0,0,-10,0,0
09:56:20.333528,NAV,1,0,0,-3,0,0
09:56:20.423086,NAV,1,0,0,-3,0,0
09:56:20.515126,NAV,1,0,0,-9,0,0
09:56:20.610820,NAV,1,0,0,-22,0,0
09:56:20.704440,NAV,1,0,0,-12,0,0
09:56:20.798273,NAV,1,0,0,-1,0,0
09:56:20.885339,NAV,1,0,0,-1,0,0
09:56:20.978139,NAV,1,0,0,-1,0,0
09:56:21.067052,NAV,1,0,0,-1,0,0
09:56:21.158257,NAV,1,0,0,-1,0,0
09:56:21.246329,NAV,1,0,0,-1,0,0
09:56:21.335405,NAV,1,0,0,-1,0,0
09:56:21.430239,NAV,1,0,0,-1,0,0
09:56:21.520625,NAV,1,0,0,-1,0,0
09:56:21.614490,NAV,1,0,0,-1,0,0
09:56:21.706246,NAV,1,0,0,-1,0,0
09:56:21.805531,NAV,1,0,0,-1,0,0
09:56:21.898828,NAV,1,0,0,-1,0,0
09:56:21.997095,NAV,1,0,0,-1,0,0
09:56:22.092098,NAV,1,0,0,-1,0,0
09:56:22.187211,NAV,1,0,0,-1,0,0
09:56:22.284000,NAV,1,0,0,-1,0,0
09:56:22.375984,NAV,1,0,0,-1,0,0
09:56:22.470017,NAV,1,0,0,-1,0,0
09:56:22.562261,NAV,1,0,0,-1,0,0
09:56:22.654414,NAV,1,0,0,-1,0,0
09:56:22.744691,NAV,1,0,0,-1,0,0
09:56:23.173282,NAV,1,0,0,-1,0,0
09:56:23.400475,NAV,1,0,0,-1,0,0
09:56:23.494246,NAV,1,0,0,-1,0,0
09:56:24.012578,NAV,1,0,0,-1,0,0
09:56:24.110748,NAV,1,0,0,-1,0,0
09:56:24.286729,NAV,1,0,0,-1,0,0
09:56:24.739801,NAV,1,0,0,-1,0,0
09:56:25.106701,NAV,1,0,0,-1,0,0
09:56:25.203836,NAV,1,0,0,-1,0,0
09:56:25.302391,NAV,1,0,0,-1,0,0
09:56:25.810590,NAV,1,0,0,-1,0,0
09:56:25.906698,NAV,1,0,0,-1,0,0
09:56:26.245840,NAV,1,0,0,-1,0,0
09:56:26.339132,NAV,1,0,0,-1,0,0
09:56:26.443176,NAV,1,0,0,-1,0,0
09:56:26.545213,NAV,1,0,0,-1,0,0
09:56:26.649985,NAV,1,0,0,-1,0,0
09:56:27.149883,NAV,1,0,0,-1,0,0
09:56:27.637126,NAV,1,0,0,-1,0,0
09:56:28.128674,NAV,1,0,0,-1,0,0
09:56:28.228338,NAV,1,0,0,-1,0,0
09:56:28.441954,NAV,1,0,0,-1,0,0
09:56:28.931091,NAV,1,0,0,-1,0,0
09:56:29.259263,NAV,1,0,0,-1,0,0
09:56:29.358345,NAV,1,0,0,-1,0,0
09:56:29.452139,NAV,1,0,0,-1,0,0
09:56:29.554823,NAV,1,0,0,-1,0,0
09:56:29.894382,NAV,1,0,0,-1,0,0
09:56:30.065803,NAV,1,0,0,-1,0,0
09:56:30.542604,NAV,1,0,0,-1,0,0
09:56:30.993556,NAV,1,0,0,-1,0,0
09:56:31.243604,NAV,1,0,0,-1,0,0
09:56:31.355561,NAV,1,0,0,-1,0,0
09:56:31.453505,NAV,1,0,0,-1,0,0
09:56:31.817663,NAV,1,0,0,-1,0,0
09:56:32.054123,NAV,1,0,0,7,0,0
09:56:32.143737,NAV,1,0,0,-1,0,0
09:56:32.292225,NAV,1,0,0,-1,0,0
09:56:32.386018,NAV,1,0,0,-1,0,0
09:56:32.480345,NAV,1,0,0,-1,0,0
09:56:32.577208,NAV,1,0,0,-1,0,0
09:56:32.672061,NAV,1,0,0,-18,0,0
09:56:32.765011,NAV,1,0,0,-49,0,0
09:56:32.855083,NAV,1,0,0,-47,0,0
09:56:32.950703,NAV,1,0,0,-33,0,0
09:56:33.041064,NAV,1,0,0,8,0,0
09:56:33.134432,NAV,1,0,0,-1,0,0
09:56:33.229242,NAV,1,0,0,1,0,0
09:56:33.333251,NAV,1,0,0,-1,0,0
09:56:33.429635,NAV,1,0,0,-1,0,0
09:56:33.525545,NAV,1,0,0,-1,0,0
09:56:33.619169,NAV,1,0,0,-1,0,0
09:56:33.717705,NAV,1,0,0,-1,0,0
09:56:33.816662,NAV,1,0,0,-1,0,0
09:56:33.917438,NAV,1,0,0,-1,0,0
09:56:34.016409,NAV,1,0,0,3,0,0
09:56:34.116955,NAV,1,0,0,-1,0,0
09:56:34.212645,NAV,1,0,0,-1,0,0
09:56:34.314478,NAV,1,0,0,-1,0,0
09:56:34.419785,NAV,1,0,0,-1,0,0
09:56:34.533043,NAV,1,0,0,-1,0,0
09:56:34.637277,NAV,1,0,0,-1,0,0
09:56:34.739074,NAV,1,0,0,-1,0,0
09:56:34.839965,NAV,1,0,0,-1,0,0
09:56:34.945524,NAV,1,0,0,-1,0,0
09:56:35.050071,NAV,1,0,0,-1,0,0
09:56:35.152669,NAV,1,0,0,-1,0,0
09:56:35.261586,NAV,1,0,0,-1,0,0
09:56:35.363106,NAV,1,0,0,-1,0,0
09:56:35.466280,NAV,1,0,0,-1,0,0
09:56:35.569984,NAV,1,0,0,-1,0,0
09:56:35.661135,NAV,1,0,0,-1,0,0
09:56:35.754269,NAV,1,0,0,-1,0,0
09:56:35.850986,NAV,1,0,0,-1,0,0
09:56:35.945826,NAV,1,0,0,-1,0,0
09:56:36.036000,NAV,1,0,0,-1,0,0
09:56:36.131772,NAV,1,0,0,5,0,0
09:56:36.224084,NAV,1,0,0,-1,0,0
09:56:36.318098,NAV,1,0,0,-1,0,0
09:56:36.409896,NAV,1,0,0,-1,0,0
09:56:36.500856,NAV,1,0,0,-9,0,0
09:56:36.587508,NAV,1,0,0,-1,0,0
09:56:36.678740,NAV,1,0,0,-1,0,0
09:56:36.770234,NAV,1,0,0,-1,0,0
09:56:36.860049,NAV,1,0,0,-1,0,0
09:56:36.949249,NAV,1,0,0,-1,0,0
09:56:37.040658,NAV,1,0,0,-1,0,0
09:56:37.132144,NAV,1,0,0,-1,0,0
09:56:37.221663,NAV,1,0,0,-1,0,0
09:56:37.305904,NAV,1,0,0,-1,0,0
09:56:37.396346,NAV,1,0,0,-1,0,0
09:56:37.486607,NAV,1,0,0,-1,0,0
09:56:37.579091,NAV,1,0,0,-1,0,0
09:56:37.667563,NAV,1,0,0,9,0,0
09:56:37.753339,NAV,1,0,0,-1,0,0
09:56:37.841466,NAV,1,0,0,-1,0,0
09:56:37.930914,NAV,1,0,0,-1,0,0
09:56:38.023392,NAV,1,0,0,-1,0,0
09:56:38.117652,NAV,1,0,0,-1,0,0
09:56:38.206784,NAV,1,0,0,-1,0,0
09:56:38.297544,NAV,1,0,0,-1,0,0
09:56:38.389769,NAV,1,0,0,-1,0,0
09:56:38.482600,NAV,1,0,0,-4,0,0
09:56:38.577266,NAV,1,0,0,3,0,0
09:56:38.671850,NAV,1,0,0,-6,0,0
09:56:38.766638,NAV,1,0,0,-7,0,0
09:56:38.861417,NAV,1,0,0,-1,0,0
09:56:38.959234,NAV,1,0,0,-1,0,0
09:56:39.058838,NAV,1,0,0,-1,0,0
09:56:39.171767,NAV,1,0,0,-1,0,0
09:56:39.265675,NAV,1,0,0,-1,0,0
09:56:39.357694,NAV,1,0,0,-1,0,0
09:56:39.455128,NAV,1,0,0,-1,0,0
09:56:39.548307,NAV,1,0,0,-1,0,0
09:56:39.727319,NAV,1,0,0,-1,0,0
09:56:39.856699,NAV,1,0,0,-1,0,0
09:56:39.990335,NAV,1,0,0,-1,0,0
09:56:40.239516,NAV,1,0,0,-1,0,0
09:56:40.362881,NAV,1,0,0,-1,0,0
09:56:40.521376,NAV,1,0,0,-1,0,0
09:56:40.693890,NAV,1,0,0,-1,0,0
09:56:40.811742,NAV,1,0,0,-1,0,0
09:56:40.954706,NAV,1,0,0,-1,0,0
09:56:41.122099,NAV,1,0,0,-1,0,0
09:56:41.298697,NAV,1,0,0,-1,0,0
09:56:41.439413,NAV,1,0,0,-1,0,0
09:56:41.587993,NAV,1,0,0,-1,0,0
09:56:41.788449,NAV,1,0,0,-1,0,0
09:56:41.967326,NAV,1,0,0,-1,0,0
09:56:42.142243,NAV,1,0,0,-1,0,0
09:56:42.277539,NAV,1,0,0,-1,0,0
09:56:42.474393,NAV,1,0,0,0,0,0
09:56:42.575964,NAV,1,0,0,-1,0,0
09:56:42.677473,NAV,1,0,0,9,0,0
09:56:42.773141,NAV,1,0,0,-1,0,0
09:56:42.856675,NAV,1,0,0,-1,0,0
09:56:42.952571,NAV,1,0,0,-1,0,0
09:56:43.048211,NAV,1,0,0,-1,0,0
09:56:43.142268,NAV,1,0,0,-1,0,0
09:56:43.233857,NAV,1,0,0,2,0,0
09:56:43.321305,NAV,1,0,0,-1,0,0
09:56:43.409104,NAV,1,0,0,0,0,0
09:56:43.496892,NAV,1,0,0,35,0,0
09:56:43.586309,NAV,1,0,0,-6,0,0
09:56:43.671531,NAV,1,0,0,-1,0,0
09:56:43.766109,NAV,1,0,0,-1,0,0
09:56:43.860428,NAV,1,0,0,-1,0,0
09:56:43.950513,NAV,1,0,0,-1,0,0
09:56:44.041032,NAV,1,0,0,-1,0,0
09:56:44.139559,NAV,1,0,0,-1,0,0
09:56:44.227802,NAV,1,0,0,-1,0,0
09:56:44.316198,NAV,1,0,0,-1,0,0
09:56:44.409406,NAV,1,0,0,80,0,0
09:56:44.502320,NAV,1,0,0,-1,0,0
09:56:44.590786,NAV,1,0,0,-1,0,0
09:56:44.680972,NAV,1,0,0,-1,0,0
09:56:44.780397,NAV,1,0,0,-1,0,0
09:56:44.878657,NAV,1,0,0,-1,0,0
09:56:44.976390,NAV,1,0,0,-1,0,0
09:56:45.067033,NAV,1,0,0,-1,0,0
09:56:45.159539,NAV,1,0,0,-1,0,0
09:56:45.252313,NAV,1,0,0,-1,0,0
09:56:45.347435,NAV,1,0,0,-1,0,0
09:56:45.443517,NAV,1,0,0,-1,0,0
09:56:45.537642,NAV,1,0,0,-1,0,0
09:56:45.638575,NAV,1,0,0,-1,0,0
09:56:45.742552,NAV,1,0,0,-1,0,0
09:56:45.841578,NAV,1,0,0,-1,0,0
09:56:45.942471,NAV,1,0,0,-1,0,0
09:56:46.044035,NAV,1,0,0,-1,0,0
09:56:46.147296,NAV,1,0,0,-1,0,0
09:56:46.251365,NAV,1,0,0,-1,0,0
09:56:46.354907,NAV,1,0,0,-1,0,0
09:56:46.464472,NAV,1,0,0,-1,0,0
09:56:46.565218,NAV,1,0,0,-1,0,0
