09:56:11.020650,RED,1,364,439,44,199,525.5
09:56:11.125071,RED,1,359,388,39,148,923.5
09:56:11.224505,RED,1,360,382,40,142,662.0
09:56:11.943936,RED,1,335,357,15,117,733.5
09:56:12.128349,RED,1,334,350,14,110,1247.0
09:56:12.471595,RED,1,334,363,14,123,1283.5
09:56:12.804496,RED,1,335,374,15,134,706.0
09:56:12.897406,RED,1,333,376,13,136,1029.5
09:56:12.991398,RED,1,332,378,12,138,867.5
09:56:13.084996,RED,1,332,387,12,147,1081.5
09:56:13.367817,RED,1,338,390,18,150,854.0
09:56:13.947911,RED,1,321,398,1,158,923.0
09:56:14.182741,RED,1,319,420,-1,180,646.0
09:56:14.565283,RED,1,318,424,-2,184,651.0
09:56:15.859358,RED,1,318,451,-2,211,633.5
09:56:16.881782,RED,1,628,77,308,-163,581.5
09:56:16.967357,RED,1,626,82,306,-158,731.5
09:56:17.052281,RED,1,629,79,309,-161,553.0
09:56:17.139260,RED,1,626,81,306,-159,666.5
09:56:17.219366,RED,1,627,81,307,-159,627.5
09:56:17.303289,RED,1,625,86,305,-154,721.0
09:56:17.384080,RED,1,625,83,305,-157,686.5
09:56:17.463813,RED,1,625,85,305,-155,684.5
09:56:17.545558,RED,1,625,86,305,-154,641.5
09:56:17.627537,RED,1,628,83,308,-157,518.5
09:56:17.952165,RED,1,629,75,309,-165,504.5
09:56:18.033929,RED,1,627,75,307,-165,605.5
09:56:18.120958,RED,1,627,76,307,-164,604.5
09:56:18.202667,RED,1,628,74,308,-166,565.5
09:56:18.281127,RED,1,625,69,305,-171,636.0
09:56:18.362036,RED,1,615,78,295,-162,1082.0
09:56:18.443999,RED,1,616,77,296,-163,1033.5
09:56:18.525907,RED,1,622,73,302,-167,813.5
09:56:18.607424,RED,1,625,79,305,-161,685.0
09:56:18.696893,RED,1,619,81,299,-159,854.5
09:56:18.783800,RED,1,623,79,303,-161,716.0
09:56:18.870322,RED,1,619,80,299,-160,949.5
09:56:18.956555,RED,1,622,79,302,-161,767.5
09:56:19.043959,RED,1,624,78,304,-162,697.5
09:56:19.132450,RED,1,624,79,304,-161,698.0
09:56:19.222523,RED,1,625,79,305,-161,692.0
09:56:19.309862,RED,1,624,74,304,-166,713.5
09:56:19.397491,RED,1,624,73,304,-167,685.5
09:56:19.487205,RED,1,622,75,302,-165,756.0
09:56:19.578595,RED,1,622,73,302,-167,760.5
09:56:19.664468,RED,1,626,67,306,-173,629.0
09:56:19.753201,RED,1,627,63,307,-177,588.0
09:56:19.842316,RED,1,626,59,306,-181,624.5
09:56:19.938136,RED,1,627,60,307,-180,576.0
09:56:20.042515,RED,1,628,57,308,-183,521.5
09:56:20.236448,RED,1,628,53,308,-187,501.0
09:56:20.333528,RED,1,627,57,307,-183,550.5
09:56:20.423086,RED,1,624,62,304,-178,685.5
09:56:20.515126,RED,1,621,68,301,-172,787.5
09:56:20.610820,RED,1,616,75,296,-165,662.5
09:56:20.704440,RED,1,614,76,294,-164,653.0
09:56:20.798273,RED,1,611,77,291,-163,620.5
09:56:20.885339,RED,1,609,77,289,-163,525.5
09:56:20.978139,RED,1,617,67,297,-173,547.5
09:56:21.067052,RED,1,618,73,298,-167,500.5
09:56:42.474393,RED,1,323,216,3,-24,845.5
