22:29:45.700886,GREEN,0,0,0,0,0,0
22:29:46.565899,GREEN,0,0,0,0,0,0
22:29:46.685018,GREEN,0,0,0,0,0,0
22:29:46.782541,GREEN,0,0,0,0,0,0
22:29:46.866709,GREEN,0,0,0,0,0,0
22:29:46.935751,GREEN,0,0,0,0,0,0
22:29:47.003807,GREEN,0,0,0,0,0,0
22:29:47.080677,GREEN,0,0,0,0,0,0
22:29:47.202291,GREEN,0,0,0,0,0,0
22:29:47.274328,GREEN,0,0,0,0,0,0
22:29:47.342340,GREEN,0,0,0,0,0,0
22:29:47.409797,GREEN,0,0,0,0,0,0
22:29:47.479451,GREEN,0,0,0,0,0,0
22:29:47.552868,GREEN,0,0,0,0,0,0
22:29:47.622295,GREEN,0,0,0,0,0,0
22:29:47.718060,GREEN,0,0,0,0,0,0
22:29:47.813975,GREEN,0,0,0,0,0,0
22:29:47.889258,GREEN,0,0,0,0,0,0
22:29:47.959438,GREEN,0,0,0,0,0,0
22:29:48.033457,GREEN,0,0,0,0,0,0
22:29:48.104752,GREEN,0,0,0,0,0,0
22:29:48.176491,GREEN,0,0,0,0,0,0
22:29:48.246459,GREEN,0,0,0,0,0,0
22:29:48.312869,GREEN,0,0,0,0,0,0
22:29:48.380772,GREEN,0,0,0,0,0,0
22:29:48.451548,GREEN,0,0,0,0,0,0
22:29:48.522844,GREEN,0,0,0,0,0,0
22:29:48.593279,GREEN,0,0,0,0,0,0
22:29:48.668005,GREEN,0,0,0,0,0,0
22:29:48.745607,GREEN,0,0,0,0,0,0
22:29:48.814643,GREEN,0,0,0,0,0,0
22:29:48.890656,GREEN,0,0,0,0,0,0
22:29:48.961758,GREEN,0,0,0,0,0,0
22:29:49.032713,GREEN,0,0,0,0,0,0
22:29:49.105939,GREEN,0,0,0,0,0,0
22:29:49.176623,GREEN,0,0,0,0,0,0
22:29:49.251311,GREEN,0,0,0,0,0,0
22:29:49.321100,GREEN,0,0,0,0,0,0
22:29:49.396324,GREEN,0,0,0,0,0,0
22:29:49.479956,GREEN,0,0,0,0,0,0
22:29:49.567066,GREEN,0,0,0,0,0,0
22:29:49.653882,GREEN,0,0,0,0,0,0
22:29:49.741553,GREEN,0,0,0,0,0,0
22:29:49.826125,GREEN,0,0,0,0,0,0
22:29:49.913640,GREEN,0,0,0,0,0,0
22:29:49.996370,GREEN,0,0,0,0,0,0
22:29:50.079953,GREEN,0,0,0,0,0,0
22:29:50.161563,GREEN,0,0,0,0,0,0
22:29:50.242114,GREEN,0,0,0,0,0,0
