22:29:45.700886,NAV,1,0,0,-26,0,0
22:29:46.565899,NAV,1,0,0,0,0,0
22:29:46.685018,NAV,1,0,0,0,0,0
22:29:46.782541,NAV,1,0,0,0,0,0
22:29:46.866709,NAV,1,0,0,0,0,0
22:29:46.935751,NAV,1,0,0,0,0,0
22:29:47.003807,NAV,1,0,0,0,0,0
22:29:47.080677,NAV,1,0,0,0,0,0
22:29:47.202291,NAV,1,0,0,0,0,0
22:29:47.274328,NAV,1,0,0,0,0,0
22:29:47.342340,NAV,1,0,0,0,0,0
22:29:47.409797,NAV,1,0,0,0,0,0
22:29:47.479451,NAV,1,0,0,0,0,0
22:29:47.552868,NAV,1,0,0,0,0,0
22:29:47.622295,NAV,1,0,0,0,0,0
22:29:47.718060,NAV,1,0,0,0,0,0
22:29:47.813975,NAV,1,0,0,0,0,0
22:29:47.889258,NAV,1,0,0,0,0,0
22:29:47.959438,NAV,1,0,0,0,0,0
22:29:48.033457,NAV,1,0,0,0,0,0
22:29:48.104752,NAV,1,0,0,0,0,0
22:29:48.176491,NAV,1,0,0,0,0,0
22:29:48.246459,NAV,1,0,0,0,0,0
22:29:48.312869,NAV,1,0,0,0,0,0
22:29:48.380772,NAV,1,0,0,0,0,0
22:29:48.451548,NAV,1,0,0,0,0,0
22:29:48.522844,NAV,1,0,0,0,0,0
22:29:48.593279,NAV,1,0,0,0,0,0
22:29:48.668005,NAV,1,0,0,0,0,0
22:29:48.745607,NAV,1,0,0,0,0,0
22:29:48.814643,NAV,1,0,0,0,0,0
22:29:48.890656,NAV,1,0,0,0,0,0
22:29:48.961758,NAV,1,0,0,0,0,0
22:29:49.032713,NAV,1,0,0,0,0,0
22:29:49.105939,NAV,1,0,0,0,0,0
22:29:49.176623,NAV,1,0,0,0,0,0
22:29:49.251311,NAV,1,0,0,0,0,0
22:29:49.321100,NAV,1,0,0,0,0,0
22:29:49.396324,NAV,1,0,0,0,0,0
22:29:49.479956,NAV,1,0,0,0,0,0
22:29:49.567066,NAV,1,0,0,0,0,0
22:29:49.653882,NAV,1,0,0,-62,0,0
22:29:49.741553,NAV,1,0,0,-8,0,0
22:29:49.826125,NAV,1,0,0,-10,0,0
22:29:49.913640,NAV,1,0,0,0,0,0
22:29:49.996370,NAV,1,0,0,0,0,0
22:29:50.079953,NAV,1,0,0,0,0,0
22:29:50.161563,NAV,1,0,0,0,0,0
22:29:50.242114,NAV,1,0,0,51,0,0
