22:29:45.700886,RED,0,0,0,0,0,0
22:29:46.565899,RED,0,0,0,0,0,0
22:29:46.685018,RED,0,0,0,0,0,0
22:29:46.782541,RED,0,0,0,0,0,0
22:29:46.866709,RED,0,0,0,0,0,0
22:29:46.935751,RED,0,0,0,0,0,0
22:29:47.003807,RED,0,0,0,0,0,0
22:29:47.080677,RED,0,0,0,0,0,0
22:29:47.202291,RED,0,0,0,0,0,0
22:29:47.274328,RED,0,0,0,0,0,0
22:29:47.342340,RED,0,0,0,0,0,0
22:29:47.409797,RED,0,0,0,0,0,0
22:29:47.479451,RED,0,0,0,0,0,0
22:29:47.552868,RED,0,0,0,0,0,0
22:29:47.622295,RED,0,0,0,0,0,0
22:29:47.718060,RED,0,0,0,0,0,0
22:29:47.813975,RED,0,0,0,0,0,0
22:29:47.889258,RED,0,0,0,0,0,0
22:29:47.959438,RED,0,0,0,0,0,0
22:29:48.033457,RED,0,0,0,0,0,0
22:29:48.104752,RED,0,0,0,0,0,0
22:29:48.176491,RED,0,0,0,0,0,0
22:29:48.246459,RED,0,0,0,0,0,0
22:29:48.312869,RED,0,0,0,0,0,0
22:29:48.380772,RED,0,0,0,0,0,0
22:29:48.451548,RED,0,0,0,0,0,0
22:29:48.522844,RED,0,0,0,0,0,0
22:29:48.593279,RED,0,0,0,0,0,0
22:29:48.668005,RED,0,0,0,0,0,0
22:29:48.745607,RED,0,0,0,0,0,0
22:29:48.814643,RED,0,0,0,0,0,0
22:29:48.890656,RED,0,0,0,0,0,0
22:29:48.961758,RED,0,0,0,0,0,0
22:29:49.032713,RED,0,0,0,0,0,0
22:29:49.105939,RED,0,0,0,0,0,0
22:29:49.176623,RED,0,0,0,0,0,0
22:29:49.251311,RED,0,0,0,0,0,0
22:29:49.321100,RED,0,0,0,0,0,0
22:29:49.396324,RED,0,0,0,0,0,0
22:29:49.479956,RED,0,0,0,0,0,0
22:29:49.567066,RED,0,0,0,0,0,0
22:29:49.653882,RED,0,0,0,0,0,0
22:29:49.741553,RED,0,0,0,0,0,0
22:29:49.826125,RED,0,0,0,0,0,0
22:29:49.913640,RED,0,0,0,0,0,0
22:29:49.996370,RED,0,0,0,0,0,0
22:29:50.079953,RED,0,0,0,0,0,0
22:29:50.161563,RED,0,0,0,0,0,0
22:29:50.242114,RED,0,0,0,0,0,0
