09:40:31.609903,GREEN,1,620,275,300,35,510.0
09:40:31.609903,GREEN,1,451,27,131,-213,1249.0
09:40:31.734534,GREEN,1,459,25,139,-215,939.0
09:40:31.832382,GREEN,1,479,35,159,-205,574.5
09:40:31.925068,GREEN,1,476,39,156,-201,964.0
09:40:32.021297,GREEN,1,460,29,140,-211,1028.0
09:40:32.119747,GREEN,1,474,48,154,-192,703.0
09:40:32.361923,GREEN,1,456,28,136,-212,1056.0
09:40:32.458516,GREEN,1,456,49,136,-191,1511.0
09:40:32.548735,GREEN,1,470,52,150,-188,634.5
09:40:32.646780,GREEN,1,479,38,159,-202,889.0
09:40:32.847920,GREEN,1,473,40,153,-200,786.0
09:40:32.951681,GREEN,1,478,34,158,-206,628.5
09:40:33.048669,GREEN,1,476,42,156,-198,1052.5
09:40:33.134064,GREEN,1,471,22,151,-218,513.5
09:40:33.226924,GREEN,1,461,46,141,-194,1710.0
09:40:33.316867,GREEN,1,459,39,139,-201,1445.5
09:40:33.407019,GREEN,1,460,37,140,-203,1450.5
09:40:33.497122,GREEN,1,460,39,140,-201,1298.5
09:40:33.586085,GREEN,1,473,54,153,-186,673.5
09:40:33.586085,GREEN,1,457,19,137,-221,680.5
09:40:33.680487,GREEN,1,476,50,156,-190,1429.0
09:40:33.767609,GREEN,1,469,62,149,-178,875.5
09:40:33.767609,GREEN,1,459,21,139,-219,1045.0
09:40:33.857005,GREEN,1,473,58,153,-182,984.5
09:40:33.946543,GREEN,1,458,38,138,-202,1487.5
09:40:34.040793,GREEN,1,477,42,157,-198,962.0
09:40:34.130547,GREEN,1,474,49,154,-191,916.5
09:40:34.304940,GREEN,1,480,26,160,-214,615.5
09:40:34.393153,GREEN,1,470,61,150,-179,567.0
09:40:34.485956,GREEN,1,475,50,155,-190,1013.5
09:40:34.573816,GREEN,1,456,31,136,-209,1497.5
09:40:34.661612,GREEN,1,478,28,158,-212,580.5
09:40:34.748743,GREEN,1,457,46,137,-194,2013.5
09:40:34.844299,GREEN,1,475,46,155,-194,731.5
09:40:34.934650,GREEN,1,464,84,144,-156,602.0
09:40:34.934650,GREEN,1,477,32,157,-208,634.0
09:40:35.026970,GREEN,1,471,58,151,-182,916.0
09:40:35.026970,GREEN,1,453,22,133,-218,632.0
09:40:35.120164,GREEN,1,455,101,135,-139,545.5
09:40:35.120164,GREEN,1,473,55,153,-185,788.0
09:40:35.210637,GREEN,1,468,55,148,-185,1619.5
09:40:35.305208,GREEN,1,473,54,153,-186,1080.5
09:40:35.398586,GREEN,1,473,44,153,-196,842.5
09:40:35.488018,GREEN,1,475,45,155,-195,1155.0
09:40:35.578306,GREEN,1,477,44,157,-196,788.0
09:40:35.671791,GREEN,1,472,41,152,-199,1456.5
09:40:35.952954,GREEN,1,469,68,149,-172,607.0
09:40:36.143801,GREEN,1,468,42,148,-198,1364.0
09:40:36.326041,GREEN,1,478,37,158,-203,724.5
09:40:36.507390,GREEN,1,478,26,158,-214,720.5
09:40:36.596810,GREEN,1,452,32,132,-208,633.5
09:40:36.782377,GREEN,1,466,67,146,-173,746.5
09:40:36.874020,GREEN,1,475,42,155,-198,629.5
09:40:36.968551,GREEN,1,473,50,153,-190,535.0
09:40:37.057219,GREEN,1,477,36,157,-204,756.0
09:40:37.153765,GREEN,1,478,32,158,-208,678.0
09:40:37.245755,GREEN,1,477,38,157,-202,707.5
09:40:37.425233,GREEN,1,467,37,147,-203,875.5
09:40:37.607649,GREEN,1,474,48,154,-192,1170.5
09:40:37.700849,GREEN,1,474,59,154,-181,863.5
09:40:37.790491,GREEN,1,476,40,156,-200,1108.5
09:40:37.975823,GREEN,1,470,56,150,-184,688.0
09:40:38.069245,GREEN,1,473,49,153,-191,522.5
09:40:38.162271,GREEN,1,472,67,152,-173,1066.0
09:40:38.252259,GREEN,1,454,29,134,-211,717.5
09:40:38.344653,GREEN,1,478,39,158,-201,1016.0
09:40:38.344653,GREEN,1,436,15,116,-225,561.0
09:40:38.432604,GREEN,1,467,46,147,-194,1572.5
09:40:38.529186,GREEN,1,462,53,142,-187,1011.5
09:40:38.621292,GREEN,1,476,53,156,-187,1411.5
09:40:38.621292,GREEN,1,438,22,118,-218,575.5
09:40:38.712767,GREEN,1,457,37,137,-203,1609.0
09:40:38.802369,GREEN,1,474,49,154,-191,1355.0
09:40:38.893083,GREEN,1,611,285,291,45,679.5
09:40:38.893083,GREEN,1,478,34,158,-206,830.0
09:40:38.893083,GREEN,1,445,17,125,-223,584.0
09:40:38.984650,GREEN,1,464,35,144,-205,1459.0
09:40:39.075358,GREEN,1,457,31,137,-209,1465.5
09:40:39.173883,GREEN,1,463,35,143,-205,1748.5
09:40:39.262631,GREEN,1,474,46,154,-194,990.5
09:40:39.356691,GREEN,1,462,40,142,-200,1686.0
09:40:39.446323,GREEN,1,477,41,157,-199,1329.0
09:40:39.537683,GREEN,1,464,36,144,-204,1162.5
09:40:39.627714,GREEN,1,463,41,143,-199,1605.5
09:40:39.813570,GREEN,1,484,36,164,-204,508.5
09:40:39.904010,GREEN,1,477,45,157,-195,932.0
09:40:39.995538,GREEN,1,470,70,150,-170,755.0
09:40:40.085817,GREEN,1,469,63,149,-177,624.0
09:40:40.177921,GREEN,1,444,34,124,-206,1370.5
09:40:40.266655,GREEN,1,473,39,153,-201,855.5
09:40:40.360331,GREEN,1,473,59,153,-181,501.5
09:40:40.898628,GREEN,1,474,51,154,-189,791.5
09:40:41.094981,GREEN,1,469,31,149,-209,855.0
09:40:41.186550,GREEN,1,476,47,156,-193,598.0
09:40:41.275841,GREEN,1,478,39,158,-201,933.5
09:40:41.461913,GREEN,1,477,37,157,-203,672.0
09:40:41.549707,GREEN,1,476,45,156,-195,713.5
09:40:41.549707,GREEN,1,446,26,126,-214,534.5
09:40:41.821432,GREEN,1,467,45,147,-195,504.5
09:40:42.095151,GREEN,1,473,49,153,-191,821.0
09:40:42.181641,GREEN,1,471,67,151,-173,525.0
09:40:42.181641,GREEN,1,465,22,145,-218,565.5
09:40:42.268560,GREEN,1,473,46,153,-194,1047.0
09:40:42.446103,GREEN,1,471,56,151,-184,524.5
09:40:42.628269,GREEN,1,474,42,154,-198,666.0
09:40:42.807914,GREEN,1,470,63,150,-177,856.0
09:40:42.991030,GREEN,1,470,63,150,-177,926.0
09:40:43.085698,GREEN,1,474,44,154,-196,1199.0
09:40:43.175014,GREEN,1,480,37,160,-203,809.0
09:40:43.266264,GREEN,1,474,45,154,-195,1135.5
09:40:43.357990,GREEN,1,481,29,161,-211,546.0
09:40:43.451622,GREEN,1,481,31,161,-209,779.0
09:40:44.278321,GREEN,1,616,273,296,33,601.5
09:40:44.555961,GREEN,1,618,277,298,37,654.0
09:40:44.647866,GREEN,1,613,284,293,44,850.0
09:40:44.738866,GREEN,1,614,276,294,36,628.5
09:40:44.828798,GREEN,1,621,259,301,19,507.0
09:40:45.376942,GREEN,1,617,272,297,32,527.5
09:40:45.560185,GREEN,1,620,269,300,29,589.5
09:40:45.560185,GREEN,1,465,17,145,-223,915.0
09:40:45.648865,GREEN,1,457,27,137,-213,1838.5
09:40:45.741383,GREEN,1,614,274,294,34,603.0
09:40:45.741383,GREEN,1,453,31,133,-209,945.0
09:40:45.834946,GREEN,1,459,25,139,-215,1578.0
09:40:45.927576,GREEN,1,458,40,138,-200,1963.0
09:40:46.020070,GREEN,1,622,264,302,24,508.5
09:40:46.020070,GREEN,1,453,62,133,-178,3866.5
09:40:46.117870,GREEN,1,608,271,288,31,721.0
09:40:46.117870,GREEN,1,446,63,126,-177,3904.5
09:40:46.215971,GREEN,1,611,285,291,45,807.5
09:40:46.215971,GREEN,1,496,131,176,-109,1011.5
09:40:46.215971,GREEN,1,499,95,179,-145,576.0
09:40:46.215971,GREEN,1,456,61,136,-179,3718.5
09:40:46.316106,GREEN,1,506,113,186,-127,2217.5
09:40:46.316106,GREEN,1,464,46,144,-194,3024.5
09:40:46.417413,GREEN,1,604,282,284,42,605.0
09:40:46.417413,GREEN,1,513,130,193,-110,929.0
09:40:46.417413,GREEN,1,520,73,200,-167,1823.0
09:40:46.417413,GREEN,1,472,62,152,-178,3166.5
09:40:46.516277,GREEN,1,510,131,190,-109,1033.5
09:40:46.516277,GREEN,1,464,89,144,-151,927.0
09:40:46.516277,GREEN,1,512,66,192,-174,2145.0
09:40:46.516277,GREEN,1,458,29,138,-211,2336.0
09:40:46.619490,GREEN,1,509,141,189,-99,1492.5
09:40:46.619490,GREEN,1,518,73,198,-167,1436.0
09:40:46.619490,GREEN,1,466,50,146,-190,2273.0
09:40:46.715293,GREEN,1,514,128,194,-112,638.5
09:40:46.715293,GREEN,1,516,72,196,-168,1657.5
09:40:46.715293,GREEN,1,463,48,143,-192,2515.5
09:40:46.809466,GREEN,1,541,126,221,-114,750.0
09:40:46.809466,GREEN,1,511,95,191,-145,1598.0
09:40:46.809466,GREEN,1,468,65,148,-175,565.0
09:40:46.809466,GREEN,1,470,23,150,-217,1423.5
09:40:46.903281,GREEN,1,510,84,190,-156,3754.5
09:40:46.903281,GREEN,1,452,45,132,-195,3093.0
09:40:47.002425,GREEN,1,507,148,187,-92,1109.5
09:40:47.002425,GREEN,1,513,59,193,-181,1648.5
09:40:47.002425,GREEN,1,456,56,136,-184,3638.5
09:40:47.103255,GREEN,1,174,200,-146,-40,639.0
09:40:47.103255,GREEN,1,511,88,191,-152,904.5
09:40:47.103255,GREEN,1,449,58,129,-182,3926.5
09:40:47.201293,GREEN,1,516,95,196,-145,2867.5
09:40:47.201293,GREEN,1,454,58,134,-182,3394.0
09:40:47.297797,GREEN,1,511,178,191,-62,1201.5
09:40:47.297797,GREEN,1,518,63,198,-177,3052.5
09:40:47.297797,GREEN,1,456,43,136,-197,2900.5
09:40:47.388042,GREEN,1,521,102,201,-138,5350.5
09:40:47.388042,GREEN,1,462,42,142,-198,2908.0
09:40:47.479166,GREEN,1,503,174,183,-66,719.5
09:40:47.479166,GREEN,1,526,81,206,-159,6250.0
09:40:47.479166,GREEN,1,460,56,140,-184,3274.0
09:40:47.569690,GREEN,1,523,105,203,-135,7312.0
09:40:47.569690,GREEN,1,457,46,137,-194,2981.0
09:40:47.659985,GREEN,1,495,94,175,-146,9256.5
09:40:47.751582,GREEN,1,529,96,209,-144,7765.5
09:40:47.751582,GREEN,1,464,60,144,-180,3246.5
09:40:47.842944,GREEN,1,533,102,213,-138,4023.0
09:40:47.842944,GREEN,1,528,19,208,-221,851.0
09:40:47.842944,GREEN,1,458,46,138,-194,3250.0
09:40:47.934946,GREEN,1,525,82,205,-158,4416.5
09:40:47.934946,GREEN,1,456,47,136,-193,2902.0
09:40:48.026897,GREEN,1,498,211,178,-29,593.5
09:40:48.026897,GREEN,1,530,94,210,-146,6492.0
09:40:48.026897,GREEN,1,458,49,138,-191,2826.5
09:40:48.116987,GREEN,1,532,98,212,-142,4479.5
09:40:48.116987,GREEN,1,612,22,292,-218,598.5
09:40:48.116987,GREEN,1,456,30,136,-210,2176.0
09:40:48.206092,GREEN,1,526,83,206,-157,5591.5
09:40:48.206092,GREEN,1,460,42,140,-198,2271.5
09:40:48.296379,GREEN,1,517,152,197,-88,969.5
09:40:48.296379,GREEN,1,536,69,216,-171,3289.0
09:40:48.296379,GREEN,1,478,36,158,-204,873.5
09:40:48.296379,GREEN,1,449,18,129,-222,665.0
09:40:48.387453,GREEN,1,534,99,214,-141,3477.5
09:40:48.387453,GREEN,1,529,35,209,-205,741.5
09:40:48.476245,GREEN,1,529,94,209,-146,1016.5
09:40:48.476245,GREEN,1,531,38,211,-202,570.5
09:40:48.651415,GREEN,1,526,138,206,-102,658.5
09:40:48.651415,GREEN,1,527,62,207,-178,3575.0
09:40:48.651415,GREEN,1,465,21,145,-219,712.5
09:40:48.740235,GREEN,1,524,129,204,-111,697.0
09:40:48.740235,GREEN,1,517,76,197,-164,2825.0
09:40:48.740235,GREEN,1,458,28,138,-212,2337.5
09:40:48.834385,GREEN,1,554,75,234,-165,723.0
09:40:49.998607,GREEN,1,473,59,153,-181,515.0
09:40:50.087665,GREEN,1,477,35,157,-205,502.0
09:40:50.261212,GREEN,1,463,97,143,-143,504.0
09:40:50.349179,GREEN,1,461,25,141,-215,951.5
09:40:50.436655,GREEN,1,477,39,157,-201,970.0
09:40:50.610652,GREEN,1,455,41,135,-199,1244.5
09:40:50.876559,GREEN,1,475,50,155,-190,693.0
09:40:50.962464,GREEN,1,476,41,156,-199,991.5
09:40:51.052486,GREEN,1,478,41,158,-199,532.5
09:40:51.141945,GREEN,1,454,37,134,-203,1217.0
09:40:51.237143,GREEN,1,473,37,153,-203,1169.5
09:40:51.419743,GREEN,1,474,37,154,-203,613.0
09:40:51.513273,GREEN,1,462,29,142,-211,673.0
09:40:51.696015,GREEN,1,469,30,149,-210,652.0
09:40:51.785246,GREEN,1,478,39,158,-201,662.5
09:40:51.875277,GREEN,1,476,42,156,-198,811.0
09:40:51.965200,GREEN,1,469,68,149,-172,503.0
09:40:52.060087,GREEN,1,444,46,124,-194,1786.5
09:40:52.149741,GREEN,1,474,56,154,-184,598.5
09:40:52.328421,GREEN,1,470,44,150,-196,1043.5
09:40:52.422288,GREEN,1,462,27,142,-213,796.0
09:40:52.512420,GREEN,1,457,31,137,-209,581.5
09:40:52.601030,GREEN,1,481,25,161,-215,590.0
09:40:52.688856,GREEN,1,461,31,141,-209,844.5
09:40:52.775777,GREEN,1,476,54,156,-186,552.0
09:40:53.133545,GREEN,1,171,194,-149,-46,560.5
09:40:53.133545,GREEN,1,137,167,-183,-73,886.0
09:40:53.220757,GREEN,1,159,160,-161,-80,3838.5
09:40:53.220757,GREEN,1,173,8,-147,-232,542.5
09:40:53.313463,GREEN,1,618,274,298,34,550.5
09:40:53.405632,GREEN,1,624,270,304,30,684.5
09:40:53.405632,GREEN,1,170,120,-150,-120,10251.0
09:40:53.588582,GREEN,1,473,21,153,-219,1162.0
09:40:53.686260,GREEN,1,506,362,186,122,909.0
09:40:53.686260,GREEN,1,553,116,233,-124,552.5
09:40:53.686260,GREEN,1,608,56,288,-184,1116.0
09:40:53.686260,GREEN,1,572,40,252,-200,2534.5
09:40:53.790687,GREEN,1,583,21,263,-219,555.0
09:40:53.893788,GREEN,1,498,384,178,144,650.0
09:40:53.893788,GREEN,1,578,51,258,-189,2616.0
09:40:53.994995,GREEN,1,500,380,180,140,517.0
09:40:53.994995,GREEN,1,33,258,-287,18,3504.0
09:40:53.994995,GREEN,1,51,160,-269,-80,568.5
09:40:53.994995,GREEN,1,552,90,232,-150,826.0
09:40:53.994995,GREEN,1,610,60,290,-180,904.0
09:40:53.994995,GREEN,1,578,38,258,-202,1809.5
09:40:54.099017,GREEN,1,557,100,237,-140,800.5
09:40:54.099017,GREEN,1,605,40,285,-200,1199.5
09:40:54.099017,GREEN,1,554,37,234,-203,1468.5
09:40:54.189654,GREEN,1,605,48,285,-192,1216.5
09:40:54.189654,GREEN,1,554,60,234,-180,1943.5
09:40:54.281591,GREEN,1,546,86,226,-154,1515.5
09:40:54.281591,GREEN,1,538,19,218,-221,1077.5
09:40:54.281591,GREEN,1,469,24,149,-216,1150.0
09:40:54.376372,GREEN,1,541,78,221,-162,1739.0
09:40:54.376372,GREEN,1,522,16,202,-224,547.0
09:40:54.467547,GREEN,1,488,21,168,-219,638.5
09:40:54.563390,GREEN,1,535,83,215,-157,812.0
09:40:54.563390,GREEN,1,481,24,161,-216,948.5
09:40:54.656385,GREEN,1,477,28,157,-212,731.0
09:40:55.129529,GREEN,1,618,282,298,42,1332.5
09:40:55.129529,GREEN,1,529,118,209,-122,971.5
09:40:55.129529,GREEN,1,592,19,272,-221,644.0
09:40:55.230901,GREEN,1,610,301,290,61,2304.0
09:40:55.230901,GREEN,1,586,14,266,-226,678.5
09:40:55.336525,GREEN,1,616,297,296,57,2153.5
09:40:55.336525,GREEN,1,533,136,213,-104,652.5
09:40:55.336525,GREEN,1,577,19,257,-221,613.0
09:40:55.441283,GREEN,1,608,301,288,61,2653.0
09:40:55.546797,GREEN,1,616,298,296,58,1952.5
09:40:55.646677,GREEN,1,616,288,296,48,1690.0
09:40:55.752580,GREEN,1,618,288,298,48,1553.0
09:40:55.853665,GREEN,1,616,287,296,47,1105.5
09:40:55.954852,GREEN,1,617,288,297,48,1335.0
09:40:56.055525,GREEN,1,617,283,297,43,874.5
09:40:56.157859,GREEN,1,617,284,297,44,1174.5
09:40:56.157859,GREEN,1,588,17,268,-223,516.5
09:40:56.256872,GREEN,1,623,276,303,36,650.5
09:40:56.362735,GREEN,1,617,284,297,44,1001.5
09:40:56.461178,GREEN,1,619,282,299,42,811.0
09:40:56.564562,GREEN,1,621,279,301,39,765.0
09:40:56.663803,GREEN,1,623,278,303,38,906.0
09:40:56.767259,GREEN,1,626,271,306,31,510.0
09:40:56.866794,GREEN,1,621,277,301,37,799.0
09:40:56.975672,GREEN,1,625,273,305,33,576.5
09:40:56.975672,GREEN,1,72,185,-248,-55,3274.0
09:40:57.080536,GREEN,1,625,276,305,36,828.0
09:40:57.186316,GREEN,1,16,292,-304,52,705.0
09:40:57.283639,GREEN,1,622,279,302,39,682.0
09:40:57.578315,GREEN,1,493,394,173,154,1646.0
09:40:57.672534,GREEN,1,490,392,170,152,1697.0
09:40:57.766060,GREEN,1,493,386,173,146,1577.5
09:40:57.766060,GREEN,1,583,26,263,-214,748.0
09:40:58.489883,GREEN,1,591,17,271,-223,588.5
09:40:58.952964,GREEN,1,493,367,173,127,713.0
09:40:59.044374,GREEN,1,496,372,176,132,1029.0
09:40:59.135558,GREEN,1,494,371,174,131,1271.5
09:40:59.232759,GREEN,1,498,370,178,130,1240.0
09:40:59.330862,GREEN,1,502,380,182,140,988.0
09:40:59.640822,GREEN,1,612,282,292,42,978.0
09:40:59.738915,GREEN,1,624,280,304,40,910.5
09:40:59.843352,GREEN,1,617,285,297,45,1411.5
09:40:59.947376,GREEN,1,623,287,303,47,1097.0
09:41:00.051501,GREEN,1,624,296,304,56,1508.5
09:41:00.148686,GREEN,1,625,283,305,43,1083.5
09:41:00.252808,GREEN,1,618,282,298,42,1256.0
09:41:00.352452,GREEN,1,621,278,301,38,951.0
09:41:00.458717,GREEN,1,627,279,307,39,667.5
09:41:00.555702,GREEN,1,620,282,300,42,916.5
09:41:00.656451,GREEN,1,619,283,299,43,648.5
09:41:00.755092,GREEN,1,620,281,300,41,785.5
09:41:00.856898,GREEN,1,619,280,299,40,826.5
09:41:00.951703,GREEN,1,619,281,299,41,563.5
09:41:01.812865,GREEN,1,612,305,292,65,1518.0
09:41:01.912351,GREEN,1,618,301,298,61,1785.5
09:41:02.010464,GREEN,1,617,291,297,51,1727.0
09:41:02.010464,GREEN,1,179,189,-141,-51,1349.0
09:41:02.010464,GREEN,1,255,165,-65,-75,2938.5
09:41:02.010464,GREEN,1,150,116,-170,-124,4304.0
09:41:02.115679,GREEN,1,617,293,297,53,1482.5
09:41:02.217227,GREEN,1,494,381,174,141,2079.5
09:41:02.217227,GREEN,1,625,277,305,37,604.0
09:41:02.318699,GREEN,1,490,386,170,146,2069.0
09:41:02.429587,GREEN,1,488,391,168,151,1803.5
09:41:02.544697,GREEN,1,491,393,171,153,1585.0
09:41:02.646441,GREEN,1,491,394,171,154,1844.0
09:41:02.748390,GREEN,1,490,386,170,146,1914.0
09:41:02.854524,GREEN,1,491,386,171,146,2040.5
09:41:02.960392,GREEN,1,493,380,173,140,2535.5
09:41:03.072272,GREEN,1,494,382,174,142,2842.5
09:41:03.072272,GREEN,1,36,275,-284,35,1544.0
09:41:03.178572,GREEN,1,494,383,174,143,2366.0
09:41:03.289249,GREEN,1,494,377,174,137,2814.5
09:41:03.401510,GREEN,1,496,380,176,140,2541.5
09:41:03.511523,GREEN,1,498,376,178,136,1877.5
09:41:03.617115,GREEN,1,502,379,182,139,1559.5
09:41:04.343120,GREEN,1,623,271,303,31,509.0
09:41:04.549821,GREEN,1,620,277,300,37,636.0
09:41:04.648280,GREEN,1,626,277,306,37,657.5
09:41:05.057022,GREEN,1,624,276,304,36,602.0
09:41:05.162551,GREEN,1,627,274,307,34,555.0
09:41:05.264570,GREEN,1,621,278,301,38,730.5
09:41:05.369651,GREEN,1,511,369,191,129,686.0
09:41:05.468654,GREEN,1,509,356,189,116,605.0
09:41:05.677427,GREEN,1,511,376,191,136,926.0
09:41:05.781538,GREEN,1,506,363,186,123,698.0
09:41:06.203713,GREEN,1,507,375,187,135,975.0
09:41:06.312085,GREEN,1,500,379,180,139,2327.0
09:41:06.421240,GREEN,1,503,379,183,139,2434.0
09:41:06.525465,GREEN,1,505,373,185,133,2235.0
09:41:06.628819,GREEN,1,503,373,183,133,1555.5
09:41:06.728220,GREEN,1,506,374,186,134,1308.0
09:41:06.829907,GREEN,1,507,375,187,135,1103.0
09:41:06.927636,GREEN,1,509,384,189,144,922.5
09:41:07.030771,GREEN,1,504,375,184,135,1468.5
09:41:07.136308,GREEN,1,502,373,182,133,1468.0
09:41:07.239198,GREEN,1,502,380,182,140,1907.0
09:41:07.344055,GREEN,1,505,383,185,143,2255.5
09:41:07.449939,GREEN,1,501,382,181,142,2247.5
09:41:07.549599,GREEN,1,502,383,182,143,1982.5
09:41:07.659287,GREEN,1,500,382,180,142,2575.5
09:41:07.769131,GREEN,1,500,379,180,139,2693.0
09:41:07.875379,GREEN,1,503,384,183,144,2336.0
09:41:07.981473,GREEN,1,499,381,179,141,2561.5
09:41:08.090091,GREEN,1,501,384,181,144,2704.0
09:41:08.195798,GREEN,1,499,383,179,143,2860.5
09:41:08.305144,GREEN,1,498,383,178,143,2558.5
09:41:08.419471,GREEN,1,498,385,178,145,2065.5
09:41:08.419471,GREEN,1,50,242,-270,2,1123.0
09:41:08.419471,GREEN,1,129,132,-191,-108,1061.0
09:41:08.531854,GREEN,1,498,383,178,143,2079.5
09:41:08.649191,GREEN,1,496,383,176,143,2330.0
09:41:08.758019,GREEN,1,501,381,181,141,2723.0
09:41:08.871896,GREEN,1,497,389,177,149,2102.5
09:41:08.977302,GREEN,1,494,388,174,148,2203.5
09:41:09.086973,GREEN,1,496,386,176,146,2002.5
09:41:09.194916,GREEN,1,498,384,178,144,2448.5
09:41:09.309729,GREEN,1,496,382,176,142,2737.0
09:41:09.418346,GREEN,1,495,385,175,145,2581.5
09:41:09.517078,GREEN,1,496,380,176,140,2702.5
09:41:09.620738,GREEN,1,493,381,173,141,2710.5
09:41:09.724099,GREEN,1,496,383,176,143,2833.5
09:41:09.830765,GREEN,1,494,381,174,141,2971.5
09:41:09.934283,GREEN,1,494,383,174,143,2905.5
09:41:09.934283,GREEN,1,490,269,170,29,565.5
09:41:10.041721,GREEN,1,495,386,175,146,2685.0
09:41:10.722038,GREEN,1,490,387,170,147,945.0
09:41:10.821509,GREEN,1,493,386,173,146,1990.0
09:41:10.917289,GREEN,1,498,384,178,144,2281.5
09:41:11.013719,GREEN,1,494,387,174,147,1523.0
09:41:11.112492,GREEN,1,500,385,180,145,1465.5
09:41:11.208578,GREEN,1,510,396,190,156,618.0
09:41:11.601123,GREEN,1,498,373,178,133,523.0
09:41:11.698507,GREEN,1,499,373,179,133,808.0
09:41:12.135620,GREEN,1,498,384,178,144,1060.5
09:41:12.240135,GREEN,1,495,381,175,141,1314.0
09:41:12.341824,GREEN,1,500,381,180,141,723.0
09:41:12.744045,GREEN,1,505,379,185,139,2085.5
09:41:12.831204,GREEN,1,499,383,179,143,1701.0
09:41:12.925177,GREEN,1,495,388,175,148,1740.5
09:41:13.019570,GREEN,1,494,404,174,164,652.0
09:41:13.757772,GREEN,1,490,408,170,168,625.0
09:41:14.457403,GREEN,1,503,405,183,165,503.5
09:41:14.665836,GREEN,1,492,402,172,162,809.0
09:41:14.764223,GREEN,1,489,402,169,162,835.5
09:41:14.861278,GREEN,1,491,406,171,166,641.5
09:41:14.958804,GREEN,1,493,405,173,165,859.0
09:41:15.056948,GREEN,1,491,393,171,153,920.0
09:41:15.157455,GREEN,1,492,397,172,157,1206.0
09:41:15.262738,GREEN,1,493,396,173,156,1092.0
09:41:15.362385,GREEN,1,491,389,171,149,1493.5
09:41:15.464530,GREEN,1,494,392,174,152,1678.5
09:41:15.561428,GREEN,1,494,400,174,160,929.0
09:41:15.664931,GREEN,1,497,389,177,149,1333.5
09:41:17.080576,GREEN,1,496,388,176,148,622.0
09:41:17.177363,GREEN,1,496,403,176,163,622.0
09:41:17.475235,GREEN,1,498,399,178,159,889.5
09:41:17.583256,GREEN,1,497,398,177,158,1023.0
09:41:17.686096,GREEN,1,502,388,182,148,1502.5
09:41:19.796658,GREEN,1,381,243,61,3,658.5
09:41:23.354259,GREEN,1,605,20,285,-220,881.5
09:41:23.441155,GREEN,1,586,54,266,-186,510.5
09:41:23.783107,GREEN,1,23,28,-297,-212,1041.5
09:41:25.259939,GREEN,1,591,43,271,-197,530.5
09:41:25.360639,GREEN,1,314,111,-6,-129,664.5
09:41:25.360639,GREEN,1,585,87,265,-153,1510.5
09:41:25.360639,GREEN,1,593,44,273,-196,2021.5
09:41:25.541433,GREEN,1,285,94,-35,-146,1457.0
09:41:25.541433,GREEN,1,586,58,266,-182,1011.5
09:41:25.541433,GREEN,1,594,18,274,-222,1416.5
09:41:25.717152,GREEN,1,287,106,-33,-134,2032.0
09:41:25.717152,GREEN,1,587,80,267,-160,1588.0
09:41:25.717152,GREEN,1,594,35,274,-205,2095.0
09:41:25.999593,GREEN,1,102,202,-218,-38,3880.0
09:41:25.999593,GREEN,1,293,158,-27,-82,3782.5
09:41:25.999593,GREEN,1,615,132,295,-108,765.0
09:41:25.999593,GREEN,1,593,69,273,-171,5249.0
09:41:26.086314,GREEN,1,110,222,-210,-18,5535.0
09:41:26.086314,GREEN,1,247,183,-73,-57,953.5
09:41:26.086314,GREEN,1,354,154,34,-86,1880.5
09:41:26.086314,GREEN,1,609,103,289,-137,2411.5
09:41:26.173420,GREEN,1,214,183,-106,-57,511.5
09:41:26.173420,GREEN,1,334,160,14,-80,2668.5
09:41:26.259236,GREEN,1,39,258,-281,18,1476.0
09:41:26.259236,GREEN,1,174,226,-146,-14,4892.0
09:41:26.259236,GREEN,1,393,175,73,-65,4071.5
09:41:26.348941,GREEN,1,390,178,70,-62,587.0
09:41:26.446486,GREEN,1,197,197,-123,-43,1189.0
09:41:26.446486,GREEN,1,343,158,23,-82,2882.5
09:41:26.617383,GREEN,1,316,60,-4,-180,4537.0
09:41:26.617383,GREEN,1,587,19,267,-221,1871.5
09:41:27.109693,GREEN,1,619,157,299,-83,670.5
09:41:27.192608,GREEN,1,614,120,294,-120,805.0
09:41:27.276957,GREEN,1,594,75,274,-165,853.0
09:41:33.290142,GREEN,1,184,439,-136,199,3389.0
09:41:33.290142,GREEN,1,217,310,-103,70,3234.5
09:41:33.380920,GREEN,1,230,448,-90,208,2412.5
09:41:33.380920,GREEN,1,296,438,-24,198,1038.0
09:41:33.380920,GREEN,1,245,301,-75,61,4902.5
09:41:33.470875,GREEN,1,263,452,-57,212,3080.5
09:41:33.470875,GREEN,1,308,418,-12,178,512.5
09:41:33.470875,GREEN,1,259,318,-61,78,6136.5
09:41:33.557174,GREEN,1,245,447,-75,207,2377.0
09:41:33.557174,GREEN,1,267,342,-53,102,10108.5
09:41:33.649477,GREEN,1,243,455,-77,215,1648.5
09:41:33.649477,GREEN,1,171,324,-149,84,682.0
09:41:33.649477,GREEN,1,260,329,-60,89,10582.0
09:41:33.649477,GREEN,1,308,197,-12,-43,684.0
09:41:33.739570,GREEN,1,244,445,-76,205,2055.0
09:41:33.739570,GREEN,1,210,336,-110,96,5321.5
09:41:33.739570,GREEN,1,298,283,-22,43,2149.5
09:41:33.739570,GREEN,1,311,181,-9,-59,1090.0
09:41:33.834325,GREEN,1,232,455,-88,215,573.0
09:41:33.834325,GREEN,1,118,372,-202,132,858.0
09:41:33.834325,GREEN,1,202,335,-118,95,4915.5
09:41:33.834325,GREEN,1,283,275,-37,35,1420.5
09:41:33.834325,GREEN,1,307,196,-13,-44,1051.5
09:41:33.918164,GREEN,1,123,358,-197,118,2188.0
09:41:33.918164,GREEN,1,201,324,-119,84,5654.0
09:41:33.918164,GREEN,1,301,204,-19,-36,701.5
09:41:34.008494,GREEN,1,170,341,-150,101,8338.5
09:41:34.008494,GREEN,1,306,141,-14,-99,671.5
09:41:34.098147,GREEN,1,167,335,-153,95,5564.0
09:41:34.098147,GREEN,1,312,174,-8,-66,547.5
09:41:34.180765,GREEN,1,155,321,-165,81,3213.5
09:41:34.180765,GREEN,1,332,164,12,-76,950.5
09:41:34.271847,GREEN,1,162,344,-158,104,851.0
09:41:34.271847,GREEN,1,177,305,-143,65,1188.5
09:41:34.271847,GREEN,1,34,83,-286,-157,834.5
09:41:34.362858,GREEN,1,157,146,-163,-94,653.5
09:41:34.454567,GREEN,1,25,74,-295,-166,1709.5
09:41:34.648368,GREEN,1,14,62,-306,-178,590.0
09:41:34.737283,GREEN,1,23,42,-297,-198,1322.0
09:41:34.828552,GREEN,1,22,66,-298,-174,927.0
09:41:34.917480,GREEN,1,23,53,-297,-187,969.5
09:41:35.012892,GREEN,1,41,73,-279,-167,620.5
09:41:35.012892,GREEN,1,21,36,-299,-204,692.5
09:41:35.102602,GREEN,1,34,34,-286,-206,1822.5
09:41:35.185175,GREEN,1,20,294,-300,54,1788.0
09:41:35.185175,GREEN,1,36,29,-284,-211,1779.0
09:41:35.267725,GREEN,1,35,290,-285,50,3977.5
09:41:35.267725,GREEN,1,17,58,-303,-182,782.5
09:41:35.267725,GREEN,1,59,29,-261,-211,1059.0
09:41:35.357482,GREEN,1,23,371,-297,131,1029.5
09:41:35.357482,GREEN,1,16,333,-304,93,722.5
09:41:35.357482,GREEN,1,44,277,-276,37,849.5
09:41:35.357482,GREEN,1,12,244,-308,4,555.0
09:41:35.357482,GREEN,1,28,147,-292,-93,826.0
09:41:35.357482,GREEN,1,39,36,-281,-204,2187.0
09:41:35.450823,GREEN,1,24,304,-296,64,1551.0
09:41:35.450823,GREEN,1,24,89,-296,-151,2887.0
09:41:35.541350,GREEN,1,35,75,-285,-165,2054.0
09:41:35.541350,GREEN,1,22,29,-298,-211,1149.0
09:41:35.625835,GREEN,1,22,362,-298,122,652.0
09:41:35.625835,GREEN,1,15,89,-305,-151,749.5
09:41:35.711662,GREEN,1,14,83,-306,-157,589.5
09:41:35.800927,GREEN,1,21,69,-299,-171,634.5
09:41:39.835144,GREEN,1,143,138,-177,-102,559.5
09:41:39.917826,GREEN,1,114,132,-206,-108,555.0
09:41:40.005259,GREEN,1,110,177,-210,-63,558.0
09:41:40.090060,GREEN,1,79,124,-241,-116,880.5
09:41:40.178129,GREEN,1,51,108,-269,-132,1123.5
09:41:40.436606,GREEN,1,628,434,308,194,755.0
09:41:42.187934,GREEN,1,311,106,-9,-134,943.0
09:41:42.279231,GREEN,1,373,76,53,-164,818.0
09:41:42.279231,GREEN,1,333,59,13,-181,508.5
09:41:42.365566,GREEN,1,410,47,90,-193,2313.0
09:41:42.452500,GREEN,1,425,26,105,-214,773.0
09:41:42.536198,GREEN,1,498,57,178,-183,1058.0
09:41:42.536198,GREEN,1,479,17,159,-223,520.5
09:41:42.628424,GREEN,1,587,39,267,-201,644.5
09:41:42.969579,GREEN,1,30,189,-290,-51,2274.5
09:41:42.969579,GREEN,1,114,59,-206,-181,553.5
09:41:42.969579,GREEN,1,35,80,-285,-160,5972.5
09:41:43.061148,GREEN,1,30,145,-290,-95,739.0
09:41:43.061148,GREEN,1,42,46,-278,-194,3120.0
09:41:43.154132,GREEN,1,35,25,-285,-215,921.5
09:41:43.247292,GREEN,1,40,21,-280,-219,749.5
09:41:43.849968,GREEN,1,63,13,-257,-227,1171.5
09:41:43.935992,GREEN,1,34,21,-286,-219,2042.5
09:41:44.018573,GREEN,1,41,27,-279,-213,2801.5
09:41:44.109482,GREEN,1,35,26,-285,-214,2592.5
09:41:44.192872,GREEN,1,51,13,-269,-227,1598.0
09:41:44.280973,GREEN,1,58,8,-262,-232,784.0
09:41:44.790570,GREEN,1,81,10,-239,-230,702.5
09:41:44.877363,GREEN,1,85,17,-235,-223,1494.0
09:41:45.047604,GREEN,1,257,117,-63,-123,530.5
09:41:45.391702,GREEN,1,557,437,237,197,698.0
09:41:45.391702,GREEN,1,409,160,89,-80,1712.5
09:41:45.391702,GREEN,1,568,160,248,-80,1345.5
09:41:45.391702,GREEN,1,577,63,257,-177,648.5
09:41:45.479570,GREEN,1,393,182,73,-58,609.0
09:41:45.565287,GREEN,1,371,156,51,-84,1803.0
09:41:45.649348,GREEN,1,334,132,14,-108,2333.0
09:41:45.734986,GREEN,1,299,126,-21,-114,2429.0
09:41:45.818339,GREEN,1,305,143,-15,-97,3223.0
09:41:45.906423,GREEN,1,276,151,-44,-89,4422.0
09:41:45.992373,GREEN,1,175,255,-145,15,515.5
09:41:45.992373,GREEN,1,241,169,-79,-71,7446.0
09:41:46.075222,GREEN,1,253,165,-67,-75,8983.5
09:41:46.164347,GREEN,1,240,176,-80,-64,10217.0
09:41:46.253453,GREEN,1,224,187,-96,-53,11368.5
09:41:46.344469,GREEN,1,210,180,-110,-60,10911.5
09:41:46.428858,GREEN,1,162,193,-158,-47,9617.0
09:41:46.428858,GREEN,1,239,98,-81,-142,2430.0
09:41:46.521619,GREEN,1,254,163,-66,-77,579.5
09:41:46.521619,GREEN,1,184,186,-136,-54,12806.0
09:41:46.611604,GREEN,1,241,170,-79,-70,652.5
09:41:46.611604,GREEN,1,138,193,-182,-47,9699.0
09:41:46.611604,GREEN,1,210,98,-110,-142,1809.5
09:41:46.703555,GREEN,1,236,153,-84,-87,611.5
09:41:46.703555,GREEN,1,159,189,-161,-51,11949.0
09:41:46.791375,GREEN,1,132,205,-188,-35,10805.0
09:41:46.791375,GREEN,1,194,104,-126,-136,1875.5
09:41:46.878480,GREEN,1,121,202,-199,-38,10284.0
09:41:46.878480,GREEN,1,180,101,-140,-139,943.0
09:41:46.963903,GREEN,1,123,190,-197,-50,10116.5
09:41:46.963903,GREEN,1,166,91,-154,-149,911.5
09:41:47.054695,GREEN,1,93,197,-227,-43,9467.0
09:41:47.054695,GREEN,1,137,93,-183,-147,1538.0
09:41:47.144525,GREEN,1,163,161,-157,-79,899.0
09:41:47.144525,GREEN,1,79,186,-241,-54,9230.0
09:41:47.144525,GREEN,1,150,90,-170,-150,1540.0
09:41:47.232335,GREEN,1,171,154,-149,-86,545.5
09:41:47.232335,GREEN,1,75,198,-245,-42,8472.0
09:41:47.232335,GREEN,1,133,88,-187,-152,1997.0
09:41:47.323439,GREEN,1,164,170,-156,-70,544.5
09:41:47.323439,GREEN,1,91,177,-229,-63,11627.0
09:41:47.413949,GREEN,1,164,155,-156,-85,542.0
09:41:47.413949,GREEN,1,95,168,-225,-72,10571.5
09:41:47.502176,GREEN,1,163,153,-157,-87,612.0
09:41:47.502176,GREEN,1,39,188,-281,-52,7297.0
09:41:47.502176,GREEN,1,116,81,-204,-159,2436.0
09:41:47.591547,GREEN,1,44,189,-276,-51,6408.0
09:41:47.591547,GREEN,1,109,78,-211,-162,2545.5
09:41:47.680880,GREEN,1,16,223,-304,-17,2566.0
09:41:47.680880,GREEN,1,225,95,-95,-145,696.0
09:41:47.680880,GREEN,1,60,99,-260,-141,2623.5
09:41:47.768841,GREEN,1,46,80,-274,-160,3771.0
09:41:47.856840,GREEN,1,34,84,-286,-156,908.5
09:41:49.014560,GREEN,1,27,381,-293,141,1133.0
09:41:49.108046,GREEN,1,74,439,-246,199,796.0
09:41:49.108046,GREEN,1,34,385,-286,145,632.0
09:41:49.206940,GREEN,1,49,402,-271,162,5171.0
09:41:49.298127,GREEN,1,42,456,-278,216,797.0
09:41:49.298127,GREEN,1,35,382,-285,142,3395.0
09:41:49.392747,GREEN,1,47,400,-273,160,5669.5
09:41:49.392747,GREEN,1,23,288,-297,48,779.0
09:41:49.484746,GREEN,1,49,404,-271,164,7117.0
09:41:49.484746,GREEN,1,28,288,-292,48,1553.0
09:41:49.577004,GREEN,1,45,395,-275,155,6722.0
09:41:49.577004,GREEN,1,32,272,-288,32,2111.5
09:41:49.665752,GREEN,1,51,394,-269,154,8657.5
09:41:49.665752,GREEN,1,23,283,-297,43,1489.5
09:41:49.754568,GREEN,1,49,397,-271,157,8729.0
09:41:49.754568,GREEN,1,26,269,-294,29,1925.0
09:41:49.843269,GREEN,1,16,467,-304,227,510.0
09:41:49.843269,GREEN,1,51,394,-269,154,7422.0
09:41:49.843269,GREEN,1,28,278,-292,38,2300.5
09:41:49.927655,GREEN,1,52,362,-268,122,9192.5
09:41:50.015173,GREEN,1,46,369,-274,129,4533.5
09:41:50.108795,GREEN,1,18,445,-302,205,1219.5
09:41:50.108795,GREEN,1,16,371,-304,131,505.0
09:41:50.108795,GREEN,1,10,313,-310,73,508.5
09:41:50.108795,GREEN,1,13,262,-307,22,671.5
09:41:50.195369,GREEN,1,11,457,-309,217,507.5
09:41:50.195369,GREEN,1,65,436,-255,196,1323.5
09:41:50.284167,GREEN,1,16,462,-304,222,531.5
09:41:50.284167,GREEN,1,50,419,-270,179,861.0
09:41:50.627139,GREEN,1,624,91,304,-149,1365.0
09:41:50.713323,GREEN,1,611,117,291,-123,775.5
09:41:51.065637,GREEN,1,627,59,307,-181,691.0
09:41:51.238295,GREEN,1,628,29,308,-211,625.5
09:41:51.323604,GREEN,1,625,32,305,-208,731.0
09:41:51.411684,GREEN,1,626,29,306,-211,791.5
09:41:51.497154,GREEN,1,622,46,302,-194,587.5
09:41:51.752455,GREEN,1,622,36,302,-204,618.5
09:41:51.842560,GREEN,1,629,70,309,-170,555.5
09:41:51.842560,GREEN,1,79,13,-241,-227,529.5
09:41:51.927295,GREEN,1,85,63,-235,-177,1128.5
09:41:51.927295,GREEN,1,625,70,305,-170,674.0
09:41:52.010284,GREEN,1,624,96,304,-144,526.0
09:41:52.010284,GREEN,1,78,86,-242,-154,774.5
09:41:52.097151,GREEN,1,619,108,299,-132,707.0
09:41:52.181393,GREEN,1,67,142,-253,-98,800.5
09:41:52.181393,GREEN,1,65,100,-255,-140,800.0
09:41:52.264648,GREEN,1,28,197,-292,-43,652.5
09:41:52.264648,GREEN,1,612,187,292,-53,885.5
09:41:52.264648,GREEN,1,68,145,-252,-95,1183.0
09:41:52.349485,GREEN,1,70,229,-250,-11,1579.0
09:41:52.349485,GREEN,1,600,166,280,-74,550.5
09:41:52.349485,GREEN,1,84,142,-236,-98,3777.5
09:41:52.349485,GREEN,1,611,12,291,-228,603.0
09:41:52.439566,GREEN,1,76,228,-244,-12,686.0
09:41:52.439566,GREEN,1,604,192,284,-48,778.5
09:41:52.439566,GREEN,1,626,142,306,-98,737.0
09:41:52.439566,GREEN,1,80,160,-240,-80,2935.5
09:41:52.439566,GREEN,1,609,27,289,-213,1410.5
09:41:52.524506,GREEN,1,93,168,-227,-72,2067.0
09:41:52.610739,GREEN,1,97,200,-223,-40,4605.5
09:41:52.610739,GREEN,1,628,26,308,-214,633.5
09:41:52.699432,GREEN,1,98,208,-222,-32,2447.5
09:41:52.785054,GREEN,1,100,198,-220,-42,1357.0
09:41:52.875104,GREEN,1,103,172,-217,-68,703.0
09:41:52.960078,GREEN,1,103,202,-217,-38,1497.0
09:41:53.218687,GREEN,1,105,216,-215,-24,733.0
09:41:54.230659,GREEN,1,31,87,-289,-153,540.0
09:41:54.488020,GREEN,1,86,131,-234,-109,616.0
09:41:54.570809,GREEN,1,49,55,-271,-185,787.0
09:41:55.073443,GREEN,1,84,265,-236,25,2443.0
09:41:55.073443,GREEN,1,41,174,-279,-66,1769.0
09:41:55.160594,GREEN,1,570,421,250,181,3994.5
09:41:55.160594,GREEN,1,74,318,-246,78,1468.5
09:41:55.160594,GREEN,1,17,217,-303,-23,1707.0
09:41:55.246603,GREEN,1,566,436,246,196,4509.0
09:41:55.246603,GREEN,1,101,343,-219,103,3167.0
09:41:55.246603,GREEN,1,25,211,-295,-29,704.0
09:41:55.663328,GREEN,1,22,396,-298,156,519.0
09:41:56.265187,GREEN,1,610,396,290,156,1010.5
09:41:56.351010,GREEN,1,625,402,305,162,721.5
09:41:56.436289,GREEN,1,631,408,311,168,504.0
09:41:56.816081,GREEN,1,581,335,261,95,1105.0
09:41:57.796276,GREEN,1,414,290,94,50,1955.5
09:41:59.556273,GREEN,1,373,277,53,37,1103.0
09:41:59.728276,GREEN,1,354,413,34,173,1763.5
09:41:59.728276,GREEN,1,626,387,306,147,816.0
09:41:59.728276,GREEN,1,231,376,-89,136,851.5
09:41:59.728276,GREEN,1,352,376,32,136,3315.5
09:41:59.817970,GREEN,1,360,373,40,133,4204.5
09:41:59.817970,GREEN,1,172,364,-148,124,1908.5
09:41:59.908519,GREEN,1,616,365,296,125,1462.0
09:41:59.908519,GREEN,1,402,307,82,67,1660.5
09:41:59.993730,GREEN,1,532,98,212,-142,2592.5
09:42:00.069148,GREEN,1,532,26,212,-214,3376.5
09:42:00.959827,GREEN,1,586,411,266,171,5487.5
09:42:01.043527,GREEN,1,585,357,265,117,4015.0
09:42:01.127438,GREEN,1,577,370,257,130,4502.5
09:42:01.206914,GREEN,1,568,359,248,119,6373.0
09:42:01.290043,GREEN,1,568,339,248,99,4972.0
09:42:01.370169,GREEN,1,568,334,248,94,5630.0
09:42:01.451423,GREEN,1,559,327,239,87,6264.0
09:42:01.532788,GREEN,1,553,336,233,96,7029.0
09:42:01.613614,GREEN,1,551,334,231,94,7305.0
09:42:01.695167,GREEN,1,553,329,233,89,7147.5
09:42:01.775971,GREEN,1,558,315,238,75,7412.0
09:42:01.857027,GREEN,1,566,282,246,42,7039.5
09:42:01.935467,GREEN,1,577,255,257,15,6823.5
09:42:02.016825,GREEN,1,609,215,289,-25,1086.0
09:42:02.016825,GREEN,1,594,188,274,-52,2054.0
09:42:02.098715,GREEN,1,602,193,282,-47,3692.5
09:42:02.175238,GREEN,1,625,98,305,-142,790.5
09:42:02.254227,GREEN,1,618,87,298,-153,1624.0
09:42:02.333829,GREEN,1,603,88,283,-152,2437.0
09:42:02.415999,GREEN,1,602,117,282,-123,2887.0
09:42:02.509017,GREEN,1,572,148,252,-92,882.5
