09:40:30.718669,NAV,1,0,0,-1,0,0
09:40:31.609903,NAV,1,0,0,-1,0,0
09:40:31.734534,NAV,1,0,0,-1,0,0
09:40:31.832382,NAV,1,0,0,-1,0,0
09:40:31.925068,NAV,1,0,0,-1,0,0
09:40:32.021297,NAV,1,0,0,-1,0,0
09:40:32.119747,NAV,1,0,0,-1,0,0
09:40:32.266432,NAV,1,0,0,-1,0,0
09:40:32.361923,NAV,1,0,0,-1,0,0
09:40:32.458516,NAV,1,0,0,-1,0,0
09:40:32.548735,NAV,1,0,0,-1,0,0
09:40:32.646780,NAV,1,0,0,-1,0,0
09:40:32.738222,NAV,1,0,0,-1,0,0
09:40:32.847920,NAV,1,0,0,-1,0,0
09:40:32.951681,NAV,1,0,0,-1,0,0
09:40:33.048669,NAV,1,0,0,-1,0,0
09:40:33.134064,NAV,1,0,0,-1,0,0
09:40:33.226924,NAV,1,0,0,-1,0,0
09:40:33.316867,NAV,1,0,0,-1,0,0
09:40:33.407019,NAV,1,0,0,-1,0,0
09:40:33.497122,NAV,1,0,0,-1,0,0
09:40:33.586085,NAV,1,0,0,-1,0,0
09:40:33.680487,NAV,1,0,0,-1,0,0
09:40:33.767609,NAV,1,0,0,-1,0,0
09:40:33.857005,NAV,1,0,0,-1,0,0
09:40:33.946543,NAV,1,0,0,-1,0,0
09:40:34.040793,NAV,1,0,0,-1,0,0
09:40:34.130547,NAV,1,0,0,-1,0,0
09:40:34.218036,NAV,1,0,0,-1,0,0
09:40:34.304940,NAV,1,0,0,-1,0,0
09:40:34.393153,NAV,1,0,0,-1,0,0
09:40:34.485956,NAV,1,0,0,-1,0,0
09:40:34.573816,NAV,1,0,0,-1,0,0
09:40:34.661612,NAV,1,0,0,-1,0,0
09:40:34.748743,NAV,1,0,0,-1,0,0
09:40:34.844299,NAV,1,0,0,-1,0,0
09:40:34.934650,NAV,1,0,0,-1,0,0
09:40:35.026970,NAV,1,0,0,-1,0,0
09:40:35.120164,NAV,1,0,0,-1,0,0
09:40:35.210637,NAV,1,0,0,-1,0,0
09:40:35.305208,NAV,1,0,0,-1,0,0
09:40:35.398586,NAV,1,0,0,-1,0,0
09:40:35.488018,NAV,1,0,0,-1,0,0
09:40:35.578306,NAV,1,0,0,-1,0,0
09:40:35.671791,NAV,1,0,0,-1,0,0
09:40:35.762929,NAV,1,0,0,-1,0,0
09:40:35.862763,NAV,1,0,0,-1,0,0
09:40:35.952954,NAV,1,0,0,-1,0,0
09:40:36.047322,NAV,1,0,0,-1,0,0
09:40:36.143801,NAV,1,0,0,-1,0,0
09:40:36.234507,NAV,1,0,0,-1,0,0
09:40:36.326041,NAV,1,0,0,-1,0,0
09:40:36.412836,NAV,1,0,0,-1,0,0
09:40:36.507390,NAV,1,0,0,-1,0,0
09:40:36.596810,NAV,1,0,0,-1,0,0
09:40:36.692732,NAV,1,0,0,-1,0,0
09:40:36.782377,NAV,1,0,0,-1,0,0
09:40:36.874020,NAV,1,0,0,-1,0,0
09:40:36.968551,NAV,1,0,0,-1,0,0
09:40:37.057219,NAV,1,0,0,-1,0,0
09:40:37.153765,NAV,1,0,0,-1,0,0
09:40:37.245755,NAV,1,0,0,-1,0,0
09:40:37.335336,NAV,1,0,0,-1,0,0
09:40:37.425233,NAV,1,0,0,-1,0,0
09:40:37.517416,NAV,1,0,0,-1,0,0
09:40:37.607649,NAV,1,0,0,-1,0,0
09:40:37.700849,NAV,1,0,0,-1,0,0
09:40:37.790491,NAV,1,0,0,-1,0,0
09:40:37.881517,NAV,1,0,0,-1,0,0
09:40:37.975823,NAV,1,0,0,-1,0,0
09:40:38.069245,NAV,1,0,0,-1,0,0
09:40:38.162271,NAV,1,0,0,-1,0,0
09:40:38.252259,NAV,1,0,0,-1,0,0
09:40:38.344653,NAV,1,0,0,-1,0,0
09:40:38.432604,NAV,1,0,0,-1,0,0
09:40:38.529186,NAV,1,0,0,-1,0,0
09:40:38.621292,NAV,1,0,0,-1,0,0
09:40:38.712767,NAV,1,0,0,-1,0,0
09:40:38.802369,NAV,1,0,0,-1,0,0
09:40:38.893083,NAV,1,0,0,-1,0,0
09:40:38.984650,NAV,1,0,0,-1,0,0
09:40:39.075358,NAV,1,0,0,-1,0,0
09:40:39.173883,NAV,1,0,0,-1,0,0
09:40:39.262631,NAV,1,0,0,-1,0,0
09:40:39.356691,NAV,1,0,0,-1,0,0
09:40:39.446323,NAV,1,0,0,-1,0,0
09:40:39.537683,NAV,1,0,0,-1,0,0
09:40:39.627714,NAV,1,0,0,-1,0,0
09:40:39.721088,NAV,1,0,0,-1,0,0
09:40:39.813570,NAV,1,0,0,-1,0,0
09:40:39.904010,NAV,1,0,0,-1,0,0
09:40:39.995538,NAV,1,0,0,-1,0,0
09:40:40.085817,NAV,1,0,0,-1,0,0
09:40:40.177921,NAV,1,0,0,-1,0,0
09:40:40.266655,NAV,1,0,0,-1,0,0
09:40:40.360331,NAV,1,0,0,-1,0,0
09:40:40.450397,NAV,1,0,0,-1,0,0
09:40:40.539210,NAV,1,0,0,-1,0,0
09:40:40.629928,NAV,1,0,0,-1,0,0
09:40:40.718616,NAV,1,0,0,-1,0,0
09:40:40.811144,NAV,1,0,0,-1,0,0
09:40:40.898628,NAV,1,0,0,-1,0,0
09:40:40.997855,NAV,1,0,0,-1,0,0
09:40:41.094981,NAV,1,0,0,-1,0,0
09:40:41.186550,NAV,1,0,0,-1,0,0
09:40:41.275841,NAV,1,0,0,-1,0,0
09:40:41.369339,NAV,1,0,0,-1,0,0
09:40:41.461913,NAV,1,0,0,-1,0,0
09:40:41.549707,NAV,1,0,0,-1,0,0
09:40:41.641516,NAV,1,0,0,-1,0,0
09:40:41.732501,NAV,1,0,0,-1,0,0
09:40:41.821432,NAV,1,0,0,-1,0,0
09:40:41.912473,NAV,1,0,0,-1,0,0
09:40:42.003589,NAV,1,0,0,-1,0,0
09:40:42.095151,NAV,1,0,0,-1,0,0
09:40:42.181641,NAV,1,0,0,-1,0,0
09:40:42.268560,NAV,1,0,0,-1,0,0
09:40:42.357318,NAV,1,0,0,-1,0,0
09:40:42.446103,NAV,1,0,0,-1,0,0
09:40:42.533858,NAV,1,0,0,-1,0,0
09:40:42.628269,NAV,1,0,0,-1,0,0
09:40:42.718431,NAV,1,0,0,-1,0,0
09:40:42.807914,NAV,1,0,0,-1,0,0
09:40:42.899687,NAV,1,0,0,-1,0,0
09:40:42.991030,NAV,1,0,0,-1,0,0
09:40:43.085698,NAV,1,0,0,-1,0,0
09:40:43.175014,NAV,1,0,0,-1,0,0
09:40:43.266264,NAV,1,0,0,-1,0,0
09:40:43.357990,NAV,1,0,0,-1,0,0
09:40:43.451622,NAV,1,0,0,-1,0,0
09:40:43.541450,NAV,1,0,0,-1,0,0
09:40:43.638668,NAV,1,0,0,-1,0,0
09:40:43.731261,NAV,1,0,0,-1,0,0
09:40:43.828402,NAV,1,0,0,-1,0,0
09:40:43.917321,NAV,1,0,0,-1,0,0
09:40:44.005570,NAV,1,0,0,-1,0,0
09:40:44.097330,NAV,1,0,0,-1,0,0
09:40:44.186696,NAV,1,0,0,-1,0,0
09:40:44.278321,NAV,1,0,0,-1,0,0
09:40:44.368830,NAV,1,0,0,-1,0,0
09:40:44.463588,NAV,1,0,0,-1,0,0
09:40:44.555961,NAV,1,0,0,-1,0,0
09:40:44.647866,NAV,1,0,0,-1,0,0
09:40:44.738866,NAV,1,0,0,-1,0,0
09:40:44.828798,NAV,1,0,0,-1,0,0
09:40:44.922963,NAV,1,0,0,-1,0,0
09:40:45.011998,NAV,1,0,0,-1,0,0
09:40:45.108070,NAV,1,0,0,-1,0,0
09:40:45.196353,NAV,1,0,0,-1,0,0
09:40:45.284312,NAV,1,0,0,-1,0,0
09:40:45.376942,NAV,1,0,0,-1,0,0
09:40:45.467518,NAV,1,0,0,-1,0,0
09:40:45.560185,NAV,1,0,0,-1,0,0
09:40:45.648865,NAV,1,0,0,-1,0,0
09:40:45.741383,NAV,1,0,0,-1,0,0
09:40:45.834946,NAV,1,0,0,-1,0,0
09:40:45.927576,NAV,1,0,0,-1,0,0
09:40:46.020070,NAV,1,0,0,-1,0,0
09:40:46.117870,NAV,1,0,0,-1,0,0
09:40:46.215971,NAV,1,0,0,-1,0,0
09:40:46.316106,NAV,1,0,0,-1,0,0
09:40:46.417413,NAV,1,0,0,-1,0,0
09:40:46.516277,NAV,1,0,0,-1,0,0
09:40:46.619490,NAV,1,0,0,-1,0,0
09:40:46.715293,NAV,1,0,0,-1,0,0
09:40:46.809466,NAV,1,0,0,-1,0,0
09:40:46.903281,NAV,1,0,0,-1,0,0
09:40:47.002425,NAV,1,0,0,-1,0,0
09:40:47.103255,NAV,1,0,0,-1,0,0
09:40:47.201293,NAV,1,0,0,-1,0,0
09:40:47.297797,NAV,1,0,0,-1,0,0
09:40:47.388042,NAV,1,0,0,-1,0,0
09:40:47.479166,NAV,1,0,0,-1,0,0
09:40:47.569690,NAV,1,0,0,-1,0,0
09:40:47.659985,NAV,1,0,0,-1,0,0
09:40:47.751582,NAV,1,0,0,-1,0,0
09:40:47.842944,NAV,1,0,0,-1,0,0
09:40:47.934946,NAV,1,0,0,-1,0,0
09:40:48.026897,NAV,1,0,0,-1,0,0
09:40:48.116987,NAV,1,0,0,-1,0,0
09:40:48.206092,NAV,1,0,0,-1,0,0
09:40:48.296379,NAV,1,0,0,-1,0,0
09:40:48.387453,NAV,1,0,0,-1,0,0
09:40:48.476245,NAV,1,0,0,-1,0,0
09:40:48.564365,NAV,1,0,0,-1,0,0
09:40:48.651415,NAV,1,0,0,-1,0,0
09:40:48.740235,NAV,1,0,0,-1,0,0
09:40:48.834385,NAV,1,0,0,-1,0,0
09:40:48.920352,NAV,1,0,0,-1,0,0
09:40:49.007135,NAV,1,0,0,-1,0,0
09:40:49.095278,NAV,1,0,0,-1,0,0
09:40:49.180737,NAV,1,0,0,-1,0,0
09:40:49.270145,NAV,1,0,0,-1,0,0
09:40:49.358364,NAV,1,0,0,-1,0,0
09:40:49.449688,NAV,1,0,0,-1,0,0
09:40:49.539602,NAV,1,0,0,-1,0,0
09:40:49.628268,NAV,1,0,0,-1,0,0
09:40:49.716167,NAV,1,0,0,-1,0,0
09:40:49.807634,NAV,1,0,0,-1,0,0
09:40:49.902597,NAV,1,0,0,-1,0,0
09:40:49.998607,NAV,1,0,0,-1,0,0
09:40:50.087665,NAV,1,0,0,-1,0,0
09:40:50.172182,NAV,1,0,0,-1,0,0
09:40:50.261212,NAV,1,0,0,-1,0,0
09:40:50.349179,NAV,1,0,0,-1,0,0
09:40:50.436655,NAV,1,0,0,-1,0,0
09:40:50.522262,NAV,1,0,0,-1,0,0
09:40:50.610652,NAV,1,0,0,-1,0,0
09:40:50.697913,NAV,1,0,0,-1,0,0
09:40:50.786344,NAV,1,0,0,-1,0,0
09:40:50.876559,NAV,1,0,0,-1,0,0
09:40:50.962464,NAV,1,0,0,-1,0,0
09:40:51.052486,NAV,1,0,0,-1,0,0
09:40:51.141945,NAV,1,0,0,-1,0,0
09:40:51.237143,NAV,1,0,0,-1,0,0
09:40:51.327472,NAV,1,0,0,-1,0,0
09:40:51.419743,NAV,1,0,0,-1,0,0
09:40:51.513273,NAV,1,0,0,-1,0,0
09:40:51.603698,NAV,1,0,0,-1,0,0
09:40:51.696015,NAV,1,0,0,-1,0,0
09:40:51.785246,NAV,1,0,0,-1,0,0
09:40:51.875277,NAV,1,0,0,-1,0,0
09:40:51.965200,NAV,1,0,0,-1,0,0
09:40:52.060087,NAV,1,0,0,-1,0,0
09:40:52.149741,NAV,1,0,0,-1,0,0
09:40:52.239198,NAV,1,0,0,-1,0,0
09:40:52.328421,NAV,1,0,0,-1,0,0
09:40:52.422288,NAV,1,0,0,-1,0,0
09:40:52.512420,NAV,1,0,0,-1,0,0
09:40:52.601030,NAV,1,0,0,-1,0,0
09:40:52.688856,NAV,1,0,0,-1,0,0
09:40:52.775777,NAV,1,0,0,-1,0,0
09:40:52.868363,NAV,1,0,0,-1,0,0
09:40:52.954028,NAV,1,0,0,-1,0,0
09:40:53.044024,NAV,1,0,0,-1,0,0
09:40:53.133545,NAV,1,0,0,-1,0,0
09:40:53.220757,NAV,1,0,0,-1,0,0
09:40:53.313463,NAV,1,0,0,112,0,0
09:40:53.405632,NAV,1,0,0,-21,0,0
09:40:53.497483,NAV,1,0,0,-1,0,0
09:40:53.588582,NAV,1,0,0,-1,0,0
09:40:53.686260,NAV,1,0,0,-18,0,0
09:40:53.790687,NAV,1,0,0,-1,0,0
09:40:53.893788,NAV,1,0,0,-15,0,0
09:40:53.994995,NAV,1,0,0,-16,0,0
09:40:54.099017,NAV,1,0,0,-1,0,0
09:40:54.189654,NAV,1,0,0,-1,0,0
09:40:54.281591,NAV,1,0,0,-1,0,0
09:40:54.376372,NAV,1,0,0,-1,0,0
09:40:54.467547,NAV,1,0,0,-1,0,0
09:40:54.563390,NAV,1,0,0,-1,0,0
09:40:54.656385,NAV,1,0,0,-1,0,0
09:40:54.752071,NAV,1,0,0,-1,0,0
09:40:54.845287,NAV,1,0,0,-1,0,0
09:40:54.938641,NAV,1,0,0,-1,0,0
09:40:55.028825,NAV,1,0,0,-1,0,0
09:40:55.129529,NAV,1,0,0,-1,0,0
09:40:55.230901,NAV,1,0,0,-1,0,0
09:40:55.336525,NAV,1,0,0,-1,0,0
09:40:55.441283,NAV,1,0,0,-1,0,0
09:40:55.546797,NAV,1,0,0,-1,0,0
09:40:55.646677,NAV,1,0,0,-1,0,0
09:40:55.752580,NAV,1,0,0,-1,0,0
09:40:55.853665,NAV,1,0,0,-1,0,0
09:40:55.954852,NAV,1,0,0,-1,0,0
09:40:56.055525,NAV,1,0,0,-1,0,0
09:40:56.157859,NAV,1,0,0,-1,0,0
09:40:56.256872,NAV,1,0,0,-1,0,0
09:40:56.362735,NAV,1,0,0,-1,0,0
09:40:56.461178,NAV,1,0,0,-1,0,0
09:40:56.564562,NAV,1,0,0,-1,0,0
09:40:56.663803,NAV,1,0,0,-1,0,0
09:40:56.767259,NAV,1,0,0,-1,0,0
09:40:56.866794,NAV,1,0,0,-1,0,0
09:40:56.975672,NAV,1,0,0,-1,0,0
09:40:57.080536,NAV,1,0,0,-1,0,0
09:40:57.186316,NAV,1,0,0,-1,0,0
09:40:57.283639,NAV,1,0,0,-1,0,0
09:40:57.384012,NAV,1,0,0,-45,0,0
09:40:57.480778,NAV,1,0,0,-9,0,0
09:40:57.578315,NAV,1,0,0,49,0,0
09:40:57.672534,NAV,1,0,0,-1,0,0
09:40:57.766060,NAV,1,0,0,29,0,0
09:40:57.865143,NAV,1,0,0,93,0,0
09:40:57.957542,NAV,1,0,0,-1,0,0
09:40:58.054046,NAV,1,0,0,0,0,0
09:40:58.148618,NAV,1,0,0,-2,0,0
09:40:58.234539,NAV,1,0,0,-2,0,0
09:40:58.318297,NAV,1,0,0,5,0,0
09:40:58.405141,NAV,1,0,0,-3,0,0
09:40:58.489883,NAV,1,0,0,-1,0,0
09:40:58.582722,NAV,1,0,0,-1,0,0
09:40:58.671621,NAV,1,0,0,-1,0,0
09:40:58.761659,NAV,1,0,0,-1,0,0
09:40:58.857512,NAV,1,0,0,-1,0,0
09:40:58.952964,NAV,1,0,0,-1,0,0
09:40:59.044374,NAV,1,0,0,-1,0,0
09:40:59.135558,NAV,1,0,0,-1,0,0
09:40:59.232759,NAV,1,0,0,-1,0,0
09:40:59.330862,NAV,1,0,0,-1,0,0
09:40:59.435605,NAV,1,0,0,-1,0,0
09:40:59.532531,NAV,1,0,0,-1,0,0
09:40:59.640822,NAV,1,0,0,-1,0,0
09:40:59.738915,NAV,1,0,0,-1,0,0
09:40:59.843352,NAV,1,0,0,-1,0,0
09:40:59.947376,NAV,1,0,0,-1,0,0
09:41:00.051501,NAV,1,0,0,-1,0,0
09:41:00.148686,NAV,1,0,0,-1,0,0
09:41:00.252808,NAV,1,0,0,-1,0,0
09:41:00.352452,NAV,1,0,0,-1,0,0
09:41:00.458717,NAV,1,0,0,-1,0,0
09:41:00.555702,NAV,1,0,0,-1,0,0
09:41:00.656451,NAV,1,0,0,-1,0,0
09:41:00.755092,NAV,1,0,0,-1,0,0
09:41:00.856898,NAV,1,0,0,-1,0,0
09:41:00.951703,NAV,1,0,0,-1,0,0
09:41:01.054411,NAV,1,0,0,-1,0,0
09:41:01.149610,NAV,1,0,0,-1,0,0
09:41:01.245307,NAV,1,0,0,-1,0,0
09:41:01.339762,NAV,1,0,0,-1,0,0
09:41:01.434532,NAV,1,0,0,-1,0,0
09:41:01.532070,NAV,1,0,0,-1,0,0
09:41:01.624777,NAV,1,0,0,-1,0,0
09:41:01.719604,NAV,1,0,0,-1,0,0
09:41:01.812865,NAV,1,0,0,-1,0,0
09:41:01.912351,NAV,1,0,0,118,0,0
09:41:02.010464,NAV,1,0,0,3,0,0
09:41:02.115679,NAV,1,0,0,-2,0,0
09:41:02.217227,NAV,1,0,0,-1,0,0
09:41:02.318699,NAV,1,0,0,-1,0,0
09:41:02.429587,NAV,1,0,0,-1,0,0
09:41:02.544697,NAV,1,0,0,-2,0,0
09:41:02.646441,NAV,1,0,0,-2,0,0
09:41:02.748390,NAV,1,0,0,-1,0,0
09:41:02.854524,NAV,1,0,0,-1,0,0
09:41:02.960392,NAV,1,0,0,-1,0,0
09:41:03.072272,NAV,1,0,0,-1,0,0
09:41:03.178572,NAV,1,0,0,-1,0,0
09:41:03.289249,NAV,1,0,0,-1,0,0
09:41:03.401510,NAV,1,0,0,-1,0,0
09:41:03.511523,NAV,1,0,0,-1,0,0
09:41:03.617115,NAV,1,0,0,-1,0,0
09:41:03.725339,NAV,1,0,0,-1,0,0
09:41:03.832866,NAV,1,0,0,-1,0,0
09:41:03.937089,NAV,1,0,0,-1,0,0
09:41:04.035980,NAV,1,0,0,-1,0,0
09:41:04.137904,NAV,1,0,0,-1,0,0
09:41:04.237202,NAV,1,0,0,-1,0,0
09:41:04.343120,NAV,1,0,0,-1,0,0
09:41:04.444148,NAV,1,0,0,-1,0,0
09:41:04.549821,NAV,1,0,0,-1,0,0
09:41:04.648280,NAV,1,0,0,-1,0,0
09:41:04.753165,NAV,1,0,0,-1,0,0
09:41:04.854028,NAV,1,0,0,-1,0,0
09:41:04.957689,NAV,1,0,0,-1,0,0
09:41:05.057022,NAV,1,0,0,-1,0,0
09:41:05.162551,NAV,1,0,0,-1,0,0
09:41:05.264570,NAV,1,0,0,-1,0,0
09:41:05.369651,NAV,1,0,0,-1,0,0
09:41:05.468654,NAV,1,0,0,-1,0,0
09:41:05.574598,NAV,1,0,0,-1,0,0
09:41:05.677427,NAV,1,0,0,-1,0,0
09:41:05.781538,NAV,1,0,0,-1,0,0
09:41:05.888904,NAV,1,0,0,-1,0,0
09:41:05.991961,NAV,1,0,0,-1,0,0
09:41:06.097176,NAV,1,0,0,-1,0,0
09:41:06.203713,NAV,1,0,0,-1,0,0
09:41:06.312085,NAV,1,0,0,-1,0,0
09:41:06.421240,NAV,1,0,0,-1,0,0
09:41:06.525465,NAV,1,0,0,-1,0,0
09:41:06.628819,NAV,1,0,0,-1,0,0
09:41:06.728220,NAV,1,0,0,-1,0,0
09:41:06.829907,NAV,1,0,0,-1,0,0
09:41:06.927636,NAV,1,0,0,-1,0,0
09:41:07.030771,NAV,1,0,0,-1,0,0
09:41:07.136308,NAV,1,0,0,-1,0,0
09:41:07.239198,NAV,1,0,0,-1,0,0
09:41:07.344055,NAV,1,0,0,-1,0,0
09:41:07.449939,NAV,1,0,0,-1,0,0
09:41:07.549599,NAV,1,0,0,-1,0,0
09:41:07.659287,NAV,1,0,0,-1,0,0
09:41:07.769131,NAV,1,0,0,-1,0,0
09:41:07.875379,NAV,1,0,0,-1,0,0
09:41:07.981473,NAV,1,0,0,-1,0,0
09:41:08.090091,NAV,1,0,0,-1,0,0
09:41:08.195798,NAV,1,0,0,-1,0,0
09:41:08.305144,NAV,1,0,0,-1,0,0
09:41:08.419471,NAV,1,0,0,-1,0,0
09:41:08.531854,NAV,1,0,0,-1,0,0
09:41:08.649191,NAV,1,0,0,-1,0,0
09:41:08.758019,NAV,1,0,0,-1,0,0
09:41:08.871896,NAV,1,0,0,-1,0,0
09:41:08.977302,NAV,1,0,0,-1,0,0
09:41:09.086973,NAV,1,0,0,-1,0,0
09:41:09.194916,NAV,1,0,0,-1,0,0
09:41:09.309729,NAV,1,0,0,-1,0,0
09:41:09.418346,NAV,1,0,0,-1,0,0
09:41:09.517078,NAV,1,0,0,-1,0,0
09:41:09.620738,NAV,1,0,0,-49,0,0
09:41:09.724099,NAV,1,0,0,-1,0,0
09:41:09.830765,NAV,1,0,0,19,0,0
09:41:09.934283,NAV,1,0,0,46,0,0
09:41:10.041721,NAV,1,0,0,94,0,0
09:41:10.144332,NAV,1,0,0,19,0,0
09:41:10.243495,NAV,1,0,0,-1,0,0
09:41:10.336434,NAV,1,0,0,-1,0,0
09:41:10.432098,NAV,1,0,0,-1,0,0
09:41:10.527982,NAV,1,0,0,-1,0,0
09:41:10.623489,NAV,1,0,0,-1,0,0
09:41:10.722038,NAV,1,0,0,-1,0,0
09:41:10.821509,NAV,1,0,0,-1,0,0
09:41:10.917289,NAV,1,0,0,-1,0,0
09:41:11.013719,NAV,1,0,0,-1,0,0
09:41:11.112492,NAV,1,0,0,-1,0,0
09:41:11.208578,NAV,1,0,0,-1,0,0
09:41:11.310161,NAV,1,0,0,-1,0,0
09:41:11.403621,NAV,1,0,0,-1,0,0
09:41:11.507128,NAV,1,0,0,-1,0,0
09:41:11.601123,NAV,1,0,0,-1,0,0
09:41:11.698507,NAV,1,0,0,-1,0,0
09:41:11.804984,NAV,1,0,0,-1,0,0
09:41:11.916772,NAV,1,0,0,-1,0,0
09:41:12.016049,NAV,1,0,0,-1,0,0
09:41:12.135620,NAV,1,0,0,-1,0,0
09:41:12.240135,NAV,1,0,0,-1,0,0
09:41:12.341824,NAV,1,0,0,-1,0,0
09:41:12.450555,NAV,1,0,0,-1,0,0
09:41:12.551449,NAV,1,0,0,-1,0,0
09:41:12.646524,NAV,1,0,0,-1,0,0
09:41:12.744045,NAV,1,0,0,-1,0,0
09:41:12.831204,NAV,1,0,0,-1,0,0
09:41:12.925177,NAV,1,0,0,-1,0,0
09:41:13.019570,NAV,1,0,0,-1,0,0
09:41:13.116202,NAV,1,0,0,-1,0,0
09:41:13.210277,NAV,1,0,0,-1,0,0
09:41:13.295811,NAV,1,0,0,-1,0,0
09:41:13.386797,NAV,1,0,0,-1,0,0
09:41:13.473808,NAV,1,0,0,0,0,0
09:41:13.564178,NAV,1,0,0,-1,0,0
09:41:13.657112,NAV,1,0,0,-1,0,0
09:41:13.757772,NAV,1,0,0,-1,0,0
09:41:13.857345,NAV,1,0,0,-1,0,0
09:41:13.953515,NAV,1,0,0,-1,0,0
09:41:14.052764,NAV,1,0,0,-1,0,0
09:41:14.157358,NAV,1,0,0,-1,0,0
09:41:14.259345,NAV,1,0,0,-1,0,0
09:41:14.355512,NAV,1,0,0,-1,0,0
09:41:14.457403,NAV,1,0,0,-1,0,0
09:41:14.562104,NAV,1,0,0,-1,0,0
09:41:14.665836,NAV,1,0,0,-1,0,0
09:41:14.764223,NAV,1,0,0,-1,0,0
09:41:14.861278,NAV,1,0,0,-1,0,0
09:41:14.958804,NAV,1,0,0,-1,0,0
09:41:15.056948,NAV,1,0,0,-1,0,0
09:41:15.157455,NAV,1,0,0,-1,0,0
09:41:15.262738,NAV,1,0,0,-1,0,0
09:41:15.362385,NAV,1,0,0,-48,0,0
09:41:15.464530,NAV,1,0,0,2,0,0
09:41:15.561428,NAV,1,0,0,24,0,0
09:41:15.664931,NAV,1,0,0,70,0,0
09:41:15.767341,NAV,1,0,0,-1,0,0
09:41:15.865221,NAV,1,0,0,-1,0,0
09:41:15.960231,NAV,1,0,0,-1,0,0
09:41:16.053924,NAV,1,0,0,-1,0,0
09:41:16.143205,NAV,1,0,0,-1,0,0
09:41:16.236512,NAV,1,0,0,-1,0,0
09:41:16.331511,NAV,1,0,0,-1,0,0
09:41:16.428181,NAV,1,0,0,-1,0,0
09:41:16.521803,NAV,1,0,0,-1,0,0
09:41:16.614755,NAV,1,0,0,-1,0,0
09:41:16.703620,NAV,1,0,0,-1,0,0
09:41:16.791184,NAV,1,0,0,-1,0,0
09:41:16.890695,NAV,1,0,0,-1,0,0
09:41:16.984605,NAV,1,0,0,-1,0,0
09:41:17.080576,NAV,1,0,0,-1,0,0
09:41:17.177363,NAV,1,0,0,-1,0,0
09:41:17.274258,NAV,1,0,0,-1,0,0
09:41:17.371866,NAV,1,0,0,-1,0,0
09:41:17.475235,NAV,1,0,0,-1,0,0
09:41:17.583256,NAV,1,0,0,-1,0,0
09:41:17.686096,NAV,1,0,0,-1,0,0
09:41:17.782939,NAV,1,0,0,0,0,0
09:41:17.875346,NAV,1,0,0,-25,0,0
09:41:17.959915,NAV,1,0,0,-8,0,0
09:41:18.048992,NAV,1,0,0,0,0,0
09:41:18.134338,NAV,1,0,0,0,0,0
09:41:18.221650,NAV,1,0,0,0,0,0
09:41:18.305857,NAV,1,0,0,0,0,0
09:41:18.388132,NAV,1,0,0,0,0,0
09:41:18.472455,NAV,1,0,0,0,0,0
09:41:18.549946,NAV,1,0,0,0,0,0
09:41:18.622482,NAV,1,0,0,0,0,0
09:41:18.697160,NAV,1,0,0,0,0,0
09:41:18.769816,NAV,1,0,0,0,0,0
09:41:18.846444,NAV,1,0,0,-51,0,0
09:41:18.922659,NAV,1,0,0,-41,0,0
09:41:18.998899,NAV,1,0,0,-36,0,0
09:41:19.085278,NAV,1,0,0,-30,0,0
09:41:19.166842,NAV,1,0,0,-17,0,0
09:41:19.249640,NAV,1,0,0,0,0,0
09:41:19.334088,NAV,1,0,0,0,0,0
09:41:19.422893,NAV,1,0,0,24,0,0
09:41:19.516518,NAV,1,0,0,-9,0,0
09:41:19.614317,NAV,1,0,0,0,0,0
09:41:19.706212,NAV,1,0,0,0,0,0
09:41:19.796658,NAV,1,0,0,-1,0,0
09:41:19.958468,NAV,1,0,0,0,0,0
09:41:20.043055,NAV,1,0,0,0,0,0
09:41:20.130268,NAV,1,0,0,39,0,0
09:41:20.218849,NAV,1,0,0,-1,0,0
09:41:20.313918,NAV,1,0,0,-2,0,0
09:41:20.401586,NAV,1,0,0,-1,0,0
09:41:20.488540,NAV,1,0,0,-1,0,0
09:41:20.580895,NAV,1,0,0,-24,0,0
09:41:20.668076,NAV,1,0,0,0,0,0
09:41:20.759902,NAV,1,0,0,-1,0,0
09:41:20.958403,NAV,1,0,0,-104,0,0
09:41:21.048841,NAV,1,0,0,-1,0,0
09:41:21.234970,NAV,1,0,0,0,0,0
09:41:21.315954,NAV,1,0,0,1,0,0
09:41:21.398890,NAV,1,0,0,-1,0,0
09:41:21.479287,NAV,1,0,0,82,0,0
09:41:21.561401,NAV,1,0,0,46,0,0
09:41:21.642520,NAV,1,0,0,75,0,0
09:41:21.721513,NAV,1,0,0,16,0,0
09:41:21.802432,NAV,1,0,0,13,0,0
09:41:21.881270,NAV,1,0,0,14,0,0
09:41:21.960182,NAV,1,0,0,49,0,0
09:41:22.047881,NAV,1,0,0,-1,0,0
09:41:22.133567,NAV,1,0,0,-80,0,0
09:41:22.217034,NAV,1,0,0,11,0,0
09:41:22.301550,NAV,1,0,0,-12,0,0
09:41:22.394522,NAV,1,0,0,-13,0,0
09:41:22.487165,NAV,1,0,0,-15,0,0
09:41:22.578871,NAV,1,0,0,-13,0,0
09:41:22.666681,NAV,1,0,0,-91,0,0
09:41:22.752131,NAV,1,0,0,-12,0,0
09:41:22.839253,NAV,1,0,0,-19,0,0
09:41:22.927698,NAV,1,0,0,-17,0,0
09:41:23.013227,NAV,1,0,0,-15,0,0
09:41:23.099247,NAV,1,0,0,-9,0,0
09:41:23.188423,NAV,1,0,0,-76,0,0
09:41:23.272660,NAV,1,0,0,0,0,0
09:41:23.354259,NAV,1,0,0,37,0,0
09:41:23.441155,NAV,1,0,0,-1,0,0
09:41:23.525842,NAV,1,0,0,-1,0,0
09:41:23.610396,NAV,1,0,0,12,0,0
09:41:23.697813,NAV,1,0,0,3,0,0
09:41:23.783107,NAV,1,0,0,21,0,0
09:41:23.879254,NAV,1,0,0,0,0,0
09:41:23.969240,NAV,1,0,0,-4,0,0
09:41:24.051223,NAV,1,0,0,-39,0,0
09:41:24.135610,NAV,1,0,0,-1,0,0
09:41:24.223428,NAV,1,0,0,0,0,0
09:41:24.307989,NAV,1,0,0,0,0,0
09:41:24.387603,NAV,1,0,0,0,0,0
09:41:24.474980,NAV,1,0,0,0,0,0
09:41:24.553254,NAV,1,0,0,0,0,0
09:41:24.628967,NAV,1,0,0,0,0,0
09:41:24.700985,NAV,1,0,0,0,0,0
09:41:24.774260,NAV,1,0,0,0,0,0
09:41:24.845432,NAV,1,0,0,0,0,0
09:41:24.921861,NAV,1,0,0,-30,0,0
09:41:24.998308,NAV,1,0,0,-21,0,0
09:41:25.078676,NAV,1,0,0,-6,0,0
09:41:25.165467,NAV,1,0,0,57,0,0
09:41:25.259939,NAV,1,0,0,49,0,0
09:41:25.360639,NAV,1,0,0,-7,0,0
09:41:25.453081,NAV,1,0,0,26,0,0
09:41:25.541433,NAV,1,0,0,-25,0,0
09:41:25.626709,NAV,1,0,0,65,0,0
09:41:25.717152,NAV,1,0,0,0,0,0
09:41:25.808157,NAV,1,0,0,-58,0,0
09:41:25.902365,NAV,1,0,0,-1,0,0
09:41:25.999593,NAV,1,0,0,-56,0,0
09:41:26.086314,NAV,1,0,0,0,0,0
09:41:26.173420,NAV,1,0,0,0,0,0
09:41:26.259236,NAV,1,0,0,0,0,0
09:41:26.348941,NAV,1,0,0,-1,0,0
09:41:26.446486,NAV,1,0,0,0,0,0
09:41:26.532704,NAV,1,0,0,-1,0,0
09:41:26.617383,NAV,1,0,0,0,0,0
09:41:26.705959,NAV,1,0,0,0,0,0
09:41:26.785368,NAV,1,0,0,0,0,0
09:41:26.859499,NAV,1,0,0,0,0,0
09:41:26.939769,NAV,1,0,0,0,0,0
09:41:27.023491,NAV,1,0,0,0,0,0
09:41:27.109693,NAV,1,0,0,0,0,0
09:41:27.192608,NAV,1,0,0,0,0,0
09:41:27.276957,NAV,1,0,0,0,0,0
09:41:27.358706,NAV,1,0,0,0,0,0
09:41:27.445255,NAV,1,0,0,0,0,0
09:41:27.537980,NAV,1,0,0,0,0,0
09:41:27.624979,NAV,1,0,0,0,0,0
09:41:27.717936,NAV,1,0,0,0,0,0
09:41:27.812130,NAV,1,0,0,0,0,0
09:41:27.905884,NAV,1,0,0,0,0,0
09:41:28.005153,NAV,1,0,0,0,0,0
09:41:28.117709,NAV,1,0,0,0,0,0
09:41:28.232828,NAV,1,0,0,0,0,0
09:41:28.359490,NAV,1,0,0,0,0,0
09:41:28.490872,NAV,1,0,0,0,0,0
09:41:28.621856,NAV,1,0,0,0,0,0
09:41:28.759155,NAV,1,0,0,0,0,0
09:41:28.841130,NAV,1,0,0,0,0,0
09:41:28.904700,NAV,1,0,0,0,0,0
09:41:28.967744,NAV,1,0,0,0,0,0
09:41:29.030666,NAV,1,0,0,0,0,0
09:41:29.092661,NAV,1,0,0,0,0,0
09:41:29.154937,NAV,1,0,0,0,0,0
09:41:29.218887,NAV,1,0,0,0,0,0
09:41:29.281121,NAV,1,0,0,0,0,0
09:41:29.346062,NAV,1,0,0,0,0,0
09:41:29.411047,NAV,1,0,0,0,0,0
09:41:29.473586,NAV,1,0,0,0,0,0
09:41:29.538277,NAV,1,0,0,0,0,0
09:41:29.604732,NAV,1,0,0,0,0,0
09:41:29.668034,NAV,1,0,0,0,0,0
09:41:29.737908,NAV,1,0,0,0,0,0
09:41:29.806890,NAV,1,0,0,0,0,0
09:41:29.874124,NAV,1,0,0,-56,0,0
09:41:29.946729,NAV,1,0,0,-57,0,0
09:41:30.020297,NAV,1,0,0,-58,0,0
09:41:30.093796,NAV,1,0,0,-49,0,0
09:41:30.167067,NAV,1,0,0,-55,0,0
09:41:30.241814,NAV,1,0,0,-55,0,0
09:41:30.315754,NAV,1,0,0,-57,0,0
09:41:30.392213,NAV,1,0,0,26,0,0
09:41:30.465620,NAV,1,0,0,21,0,0
09:41:30.544075,NAV,1,0,0,20,0,0
09:41:30.626357,NAV,1,0,0,5,0,0
09:41:30.709083,NAV,1,0,0,6,0,0
09:41:30.787390,NAV,1,0,0,24,0,0
09:41:30.872279,NAV,1,0,0,7,0,0
09:41:30.962799,NAV,1,0,0,16,0,0
09:41:31.050149,NAV,1,0,0,24,0,0
09:41:31.138294,NAV,1,0,0,44,0,0
09:41:31.225692,NAV,1,0,0,39,0,0
09:41:31.309385,NAV,1,0,0,-1,0,0
09:41:31.395408,NAV,1,0,0,-1,0,0
09:41:31.480259,NAV,1,0,0,-1,0,0
09:41:31.561945,NAV,1,0,0,-1,0,0
09:41:31.645584,NAV,1,0,0,-1,0,0
09:41:31.728836,NAV,1,0,0,-11,0,0
09:41:31.809440,NAV,1,0,0,5,0,0
09:41:31.896694,NAV,1,0,0,46,0,0
09:41:31.982325,NAV,1,0,0,9,0,0
09:41:32.066139,NAV,1,0,0,26,0,0
09:41:32.151635,NAV,1,0,0,6,0,0
09:41:32.237229,NAV,1,0,0,0,0,0
09:41:32.322441,NAV,1,0,0,-7,0,0
09:41:32.408427,NAV,1,0,0,-9,0,0
09:41:32.492921,NAV,1,0,0,9,0,0
09:41:32.577154,NAV,1,0,0,15,0,0
09:41:32.666372,NAV,1,0,0,32,0,0
09:41:32.755534,NAV,1,0,0,53,0,0
09:41:32.840927,NAV,1,0,0,3,0,0
09:41:32.930005,NAV,1,0,0,-25,0,0
09:41:33.019213,NAV,1,0,0,-26,0,0
09:41:33.112054,NAV,1,0,0,16,0,0
09:41:33.202908,NAV,1,0,0,-1,0,0
09:41:33.290142,NAV,1,0,0,0,0,0
09:41:33.380920,NAV,1,0,0,0,0,0
09:41:33.470875,NAV,1,0,0,0,0,0
09:41:33.557174,NAV,1,0,0,0,0,0
09:41:33.649477,NAV,1,0,0,0,0,0
09:41:33.739570,NAV,1,0,0,0,0,0
09:41:33.834325,NAV,1,0,0,0,0,0
09:41:33.918164,NAV,1,0,0,-121,0,0
09:41:34.008494,NAV,1,0,0,-123,0,0
09:41:34.098147,NAV,1,0,0,-115,0,0
09:41:34.180765,NAV,1,0,0,-26,0,0
09:41:34.271847,NAV,1,0,0,-19,0,0
09:41:34.362858,NAV,1,0,0,-19,0,0
09:41:34.454567,NAV,1,0,0,-1,0,0
09:41:34.549187,NAV,1,0,0,-1,0,0
09:41:34.648368,NAV,1,0,0,-7,0,0
09:41:34.737283,NAV,1,0,0,-1,0,0
09:41:34.828552,NAV,1,0,0,7,0,0
09:41:34.917480,NAV,1,0,0,-113,0,0
09:41:35.012892,NAV,1,0,0,-62,0,0
09:41:35.102602,NAV,1,0,0,28,0,0
09:41:35.185175,NAV,1,0,0,-33,0,0
09:41:35.267725,NAV,1,0,0,6,0,0
09:41:35.357482,NAV,1,0,0,1,0,0
09:41:35.450823,NAV,1,0,0,-63,0,0
09:41:35.541350,NAV,1,0,0,9,0,0
09:41:35.625835,NAV,1,0,0,5,0,0
09:41:35.711662,NAV,1,0,0,-17,0,0
09:41:35.800927,NAV,1,0,0,56,0,0
09:41:35.892095,NAV,1,0,0,51,0,0
09:41:35.973833,NAV,1,0,0,45,0,0
09:41:36.056231,NAV,1,0,0,39,0,0
09:41:36.140703,NAV,1,0,0,25,0,0
09:41:36.226141,NAV,1,0,0,32,0,0
09:41:36.312059,NAV,1,0,0,21,0,0
09:41:36.398634,NAV,1,0,0,5,0,0
09:41:36.487886,NAV,1,0,0,-1,0,0
09:41:36.575365,NAV,1,0,0,-5,0,0
09:41:36.666613,NAV,1,0,0,-1,0,0
09:41:36.754912,NAV,1,0,0,12,0,0
09:41:36.843034,NAV,1,0,0,26,0,0
09:41:36.934979,NAV,1,0,0,6,0,0
09:41:37.025549,NAV,1,0,0,22,0,0
09:41:37.116967,NAV,1,0,0,14,0,0
09:41:37.203731,NAV,1,0,0,16,0,0
09:41:37.288411,NAV,1,0,0,-47,0,0
09:41:37.372249,NAV,1,0,0,2,0,0
09:41:37.459859,NAV,1,0,0,28,0,0
09:41:37.543844,NAV,1,0,0,-4,0,0
09:41:37.624229,NAV,1,0,0,8,0,0
09:41:37.713330,NAV,1,0,0,2,0,0
09:41:37.801170,NAV,1,0,0,-37,0,0
09:41:37.883293,NAV,1,0,0,-1,0,0
09:41:37.978043,NAV,1,0,0,-10,0,0
09:41:38.061598,NAV,1,0,0,-10,0,0
09:41:38.144656,NAV,1,0,0,-3,0,0
09:41:38.227470,NAV,1,0,0,2,0,0
09:41:38.311299,NAV,1,0,0,4,0,0
09:41:38.394005,NAV,1,0,0,3,0,0
09:41:38.479732,NAV,1,0,0,-1,0,0
09:41:38.566294,NAV,1,0,0,-1,0,0
09:41:38.650251,NAV,1,0,0,-1,0,0
09:41:38.738311,NAV,1,0,0,-1,0,0
09:41:38.822444,NAV,1,0,0,-1,0,0
09:41:38.903883,NAV,1,0,0,-1,0,0
09:41:38.989324,NAV,1,0,0,-1,0,0
09:41:39.071267,NAV,1,0,0,-1,0,0
09:41:39.153867,NAV,1,0,0,-1,0,0
09:41:39.240132,NAV,1,0,0,-1,0,0
09:41:39.325184,NAV,1,0,0,-1,0,0
09:41:39.410541,NAV,1,0,0,-1,0,0
09:41:39.495934,NAV,1,0,0,-1,0,0
09:41:39.581614,NAV,1,0,0,-1,0,0
09:41:39.663127,NAV,1,0,0,-1,0,0
09:41:39.750119,NAV,1,0,0,-1,0,0
09:41:39.835144,NAV,1,0,0,-1,0,0
09:41:39.917826,NAV,1,0,0,-1,0,0
09:41:40.005259,NAV,1,0,0,-1,0,0
09:41:40.090060,NAV,1,0,0,1,0,0
09:41:40.178129,NAV,1,0,0,15,0,0
09:41:40.267830,NAV,1,0,0,-10,0,0
09:41:40.352754,NAV,1,0,0,0,0,0
09:41:40.436606,NAV,1,0,0,-37,0,0
09:41:40.525373,NAV,1,0,0,-1,0,0
09:41:40.613675,NAV,1,0,0,-1,0,0
09:41:40.700778,NAV,1,0,0,-1,0,0
09:41:40.792455,NAV,1,0,0,-1,0,0
09:41:40.876399,NAV,1,0,0,-1,0,0
09:41:40.958746,NAV,1,0,0,-1,0,0
09:41:41.053390,NAV,1,0,0,-1,0,0
09:41:41.142170,NAV,1,0,0,-1,0,0
09:41:41.227583,NAV,1,0,0,-1,0,0
09:41:41.312289,NAV,1,0,0,-1,0,0
09:41:41.400566,NAV,1,0,0,-1,0,0
09:41:41.481880,NAV,1,0,0,-1,0,0
09:41:41.571034,NAV,1,0,0,-1,0,0
09:41:41.659783,NAV,1,0,0,-1,0,0
09:41:41.745658,NAV,1,0,0,-1,0,0
09:41:41.835588,NAV,1,0,0,-14,0,0
09:41:41.919270,NAV,1,0,0,0,0,0
09:41:42.011159,NAV,1,0,0,0,0,0
09:41:42.100285,NAV,1,0,0,-1,0,0
09:41:42.187934,NAV,1,0,0,-1,0,0
09:41:42.279231,NAV,1,0,0,-105,0,0
09:41:42.365566,NAV,1,0,0,-55,0,0
09:41:42.452500,NAV,1,0,0,-53,0,0
09:41:42.536198,NAV,1,0,0,25,0,0
09:41:42.628424,NAV,1,0,0,0,0,0
09:41:42.715640,NAV,1,0,0,0,0,0
09:41:42.799493,NAV,1,0,0,-11,0,0
09:41:42.886714,NAV,1,0,0,0,0,0
09:41:42.969579,NAV,1,0,0,0,0,0
09:41:43.061148,NAV,1,0,0,-3,0,0
09:41:43.154132,NAV,1,0,0,0,0,0
09:41:43.247292,NAV,1,0,0,0,0,0
09:41:43.331443,NAV,1,0,0,0,0,0
09:41:43.418800,NAV,1,0,0,-45,0,0
09:41:43.505704,NAV,1,0,0,0,0,0
09:41:43.589532,NAV,1,0,0,0,0,0
09:41:43.678847,NAV,1,0,0,0,0,0
09:41:43.762778,NAV,1,0,0,0,0,0
09:41:43.849968,NAV,1,0,0,0,0,0
09:41:43.935992,NAV,1,0,0,0,0,0
09:41:44.018573,NAV,1,0,0,0,0,0
09:41:44.109482,NAV,1,0,0,33,0,0
09:41:44.192872,NAV,1,0,0,0,0,0
09:41:44.280973,NAV,1,0,0,0,0,0
09:41:44.365668,NAV,1,0,0,0,0,0
09:41:44.452513,NAV,1,0,0,0,0,0
09:41:44.538566,NAV,1,0,0,0,0,0
09:41:44.618561,NAV,1,0,0,0,0,0
09:41:44.705710,NAV,1,0,0,0,0,0
09:41:44.790570,NAV,1,0,0,0,0,0
09:41:44.877363,NAV,1,0,0,0,0,0
09:41:44.965667,NAV,1,0,0,0,0,0
09:41:45.047604,NAV,1,0,0,-1,0,0
09:41:45.134408,NAV,1,0,0,-1,0,0
09:41:45.221052,NAV,1,0,0,6,0,0
09:41:45.307701,NAV,1,0,0,-131,0,0
09:41:45.391702,NAV,1,0,0,-127,0,0
09:41:45.479570,NAV,1,0,0,-127,0,0
09:41:45.565287,NAV,1,0,0,-1,0,0
09:41:45.649348,NAV,1,0,0,-1,0,0
09:41:45.734986,NAV,1,0,0,-1,0,0
09:41:45.818339,NAV,1,0,0,-1,0,0
09:41:45.906423,NAV,1,0,0,-1,0,0
09:41:45.992373,NAV,1,0,0,-1,0,0
09:41:46.075222,NAV,1,0,0,-1,0,0
09:41:46.164347,NAV,1,0,0,-1,0,0
09:41:46.253453,NAV,1,0,0,-1,0,0
09:41:46.344469,NAV,1,0,0,-1,0,0
09:41:46.428858,NAV,1,0,0,-1,0,0
09:41:46.521619,NAV,1,0,0,0,0,0
09:41:46.611604,NAV,1,0,0,2,0,0
09:41:46.703555,NAV,1,0,0,0,0,0
09:41:46.791375,NAV,1,0,0,0,0,0
09:41:46.878480,NAV,1,0,0,0,0,0
09:41:46.963903,NAV,1,0,0,0,0,0
09:41:47.054695,NAV,1,0,0,0,0,0
09:41:47.144525,NAV,1,0,0,0,0,0
09:41:47.232335,NAV,1,0,0,0,0,0
09:41:47.323439,NAV,1,0,0,0,0,0
09:41:47.413949,NAV,1,0,0,0,0,0
09:41:47.502176,NAV,1,0,0,0,0,0
09:41:47.591547,NAV,1,0,0,0,0,0
09:41:47.680880,NAV,1,0,0,0,0,0
09:41:47.768841,NAV,1,0,0,0,0,0
09:41:47.856840,NAV,1,0,0,0,0,0
09:41:47.947662,NAV,1,0,0,0,0,0
09:41:48.032442,NAV,1,0,0,32,0,0
09:41:48.122137,NAV,1,0,0,-15,0,0
09:41:48.203487,NAV,1,0,0,38,0,0
09:41:48.285233,NAV,1,0,0,8,0,0
09:41:48.370398,NAV,1,0,0,-94,0,0
09:41:48.459102,NAV,1,0,0,-28,0,0
09:41:48.548039,NAV,1,0,0,-43,0,0
09:41:48.640303,NAV,1,0,0,-134,0,0
09:41:48.732471,NAV,1,0,0,-1,0,0
09:41:48.822133,NAV,1,0,0,-1,0,0
09:41:48.918031,NAV,1,0,0,-1,0,0
09:41:49.014560,NAV,1,0,0,-1,0,0
09:41:49.108046,NAV,1,0,0,-1,0,0
09:41:49.206940,NAV,1,0,0,-1,0,0
09:41:49.298127,NAV,1,0,0,-1,0,0
09:41:49.392747,NAV,1,0,0,-1,0,0
09:41:49.484746,NAV,1,0,0,-1,0,0
09:41:49.577004,NAV,1,0,0,-1,0,0
09:41:49.665752,NAV,1,0,0,-1,0,0
09:41:49.754568,NAV,1,0,0,4,0,0
09:41:49.843269,NAV,1,0,0,5,0,0
09:41:49.927655,NAV,1,0,0,-1,0,0
09:41:50.015173,NAV,1,0,0,-4,0,0
09:41:50.108795,NAV,1,0,0,-3,0,0
09:41:50.195369,NAV,1,0,0,-1,0,0
09:41:50.284167,NAV,1,0,0,-1,0,0
09:41:50.368782,NAV,1,0,0,-1,0,0
09:41:50.452315,NAV,1,0,0,-1,0,0
09:41:50.538297,NAV,1,0,0,13,0,0
09:41:50.627139,NAV,1,0,0,-14,0,0
09:41:50.713323,NAV,1,0,0,-1,0,0
09:41:50.804326,NAV,1,0,0,-1,0,0
09:41:50.891554,NAV,1,0,0,-1,0,0
09:41:50.976871,NAV,1,0,0,-1,0,0
09:41:51.065637,NAV,1,0,0,-1,0,0
09:41:51.152640,NAV,1,0,0,-1,0,0
09:41:51.238295,NAV,1,0,0,-1,0,0
09:41:51.323604,NAV,1,0,0,-1,0,0
09:41:51.411684,NAV,1,0,0,0,0,0
09:41:51.497154,NAV,1,0,0,-1,0,0
09:41:51.583385,NAV,1,0,0,0,0,0
09:41:51.668355,NAV,1,0,0,-1,0,0
09:41:51.752455,NAV,1,0,0,-1,0,0
09:41:51.842560,NAV,1,0,0,-1,0,0
09:41:51.927295,NAV,1,0,0,-1,0,0
09:41:52.010284,NAV,1,0,0,-1,0,0
09:41:52.097151,NAV,1,0,0,-1,0,0
09:41:52.181393,NAV,1,0,0,-17,0,0
09:41:52.264648,NAV,1,0,0,-30,0,0
09:41:52.349485,NAV,1,0,0,-1,0,0
09:41:52.439566,NAV,1,0,0,-1,0,0
09:41:52.524506,NAV,1,0,0,-23,0,0
09:41:52.610739,NAV,1,0,0,-27,0,0
09:41:52.699432,NAV,1,0,0,-17,0,0
09:41:52.785054,NAV,1,0,0,-25,0,0
09:41:52.875104,NAV,1,0,0,-19,0,0
09:41:52.960078,NAV,1,0,0,-21,0,0
09:41:53.043734,NAV,1,0,0,-20,0,0
09:41:53.134250,NAV,1,0,0,-17,0,0
09:41:53.218687,NAV,1,0,0,-16,0,0
09:41:53.300214,NAV,1,0,0,-7,0,0
09:41:53.383618,NAV,1,0,0,-15,0,0
09:41:53.466280,NAV,1,0,0,-13,0,0
09:41:53.546404,NAV,1,0,0,-11,0,0
09:41:53.630087,NAV,1,0,0,-6,0,0
09:41:53.712325,NAV,1,0,0,-3,0,0
09:41:53.792798,NAV,1,0,0,-2,0,0
09:41:53.879243,NAV,1,0,0,9,0,0
09:41:53.966290,NAV,1,0,0,9,0,0
09:41:54.052073,NAV,1,0,0,19,0,0
09:41:54.142523,NAV,1,0,0,7,0,0
09:41:54.230659,NAV,1,0,0,7,0,0
09:41:54.317552,NAV,1,0,0,5,0,0
09:41:54.403793,NAV,1,0,0,-1,0,0
09:41:54.488020,NAV,1,0,0,-1,0,0
09:41:54.570809,NAV,1,0,0,12,0,0
09:41:54.659123,NAV,1,0,0,-1,0,0
09:41:54.745054,NAV,1,0,0,22,0,0
09:41:54.827113,NAV,1,0,0,7,0,0
09:41:54.910223,NAV,1,0,0,-1,0,0
09:41:54.990098,NAV,1,0,0,-120,0,0
09:41:55.073443,NAV,1,0,0,-15,0,0
09:41:55.160594,NAV,1,0,0,-4,0,0
09:41:55.246603,NAV,1,0,0,0,0,0
09:41:55.333233,NAV,1,0,0,0,0,0
09:41:55.418391,NAV,1,0,0,0,0,0
09:41:55.499552,NAV,1,0,0,0,0,0
09:41:55.581144,NAV,1,0,0,0,0,0
09:41:55.663328,NAV,1,0,0,0,0,0
09:41:55.751489,NAV,1,0,0,0,0,0
09:41:55.834617,NAV,1,0,0,0,0,0
09:41:55.919381,NAV,1,0,0,0,0,0
09:41:56.005610,NAV,1,0,0,0,0,0
09:41:56.089782,NAV,1,0,0,0,0,0
09:41:56.178021,NAV,1,0,0,0,0,0
09:41:56.265187,NAV,1,0,0,0,0,0
09:41:56.351010,NAV,1,0,0,-1,0,0
09:41:56.436289,NAV,1,0,0,-1,0,0
09:41:56.524996,NAV,1,0,0,-1,0,0
09:41:56.619577,NAV,1,0,0,-1,0,0
09:41:56.714389,NAV,1,0,0,-1,0,0
09:41:56.816081,NAV,1,0,0,-1,0,0
09:41:56.897248,NAV,1,0,0,-1,0,0
09:41:56.987571,NAV,1,0,0,-1,0,0
09:41:57.080374,NAV,1,0,0,-1,0,0
09:41:57.171385,NAV,1,0,0,-1,0,0
09:41:57.266007,NAV,1,0,0,-1,0,0
09:41:57.362829,NAV,1,0,0,-1,0,0
09:41:57.451267,NAV,1,0,0,-1,0,0
09:41:57.537377,NAV,1,0,0,-1,0,0
09:41:57.620735,NAV,1,0,0,0,0,0
09:41:57.705627,NAV,1,0,0,26,0,0
09:41:57.796276,NAV,1,0,0,0,0,0
09:41:57.883255,NAV,1,0,0,-1,0,0
09:41:57.970557,NAV,1,0,0,-1,0,0
09:41:58.057130,NAV,1,0,0,-1,0,0
09:41:58.142998,NAV,1,0,0,-1,0,0
09:41:58.230002,NAV,1,0,0,-1,0,0
09:41:58.313687,NAV,1,0,0,-1,0,0
09:41:58.402809,NAV,1,0,0,-1,0,0
09:41:58.486365,NAV,1,0,0,-1,0,0
09:41:58.573883,NAV,1,0,0,-1,0,0
09:41:58.654471,NAV,1,0,0,-1,0,0
09:41:58.738574,NAV,1,0,0,-1,0,0
09:41:58.826401,NAV,1,0,0,-1,0,0
09:41:58.920195,NAV,1,0,0,-1,0,0
09:41:59.013238,NAV,1,0,0,-1,0,0
09:41:59.111603,NAV,1,0,0,-1,0,0
09:41:59.204115,NAV,1,0,0,-1,0,0
09:41:59.291097,NAV,1,0,0,-1,0,0
09:41:59.379619,NAV,1,0,0,-1,0,0
09:41:59.470903,NAV,1,0,0,-1,0,0
09:41:59.556273,NAV,1,0,0,0,0,0
09:41:59.643379,NAV,1,0,0,-1,0,0
09:41:59.728276,NAV,1,0,0,0,0,0
09:41:59.817970,NAV,1,0,0,-13,0,0
09:41:59.908519,NAV,1,0,0,0,0,0
09:41:59.993730,NAV,1,0,0,92,0,0
09:42:00.069148,NAV,1,0,0,0,0,0
09:42:00.144364,NAV,1,0,0,89,0,0
09:42:00.217958,NAV,1,0,0,0,0,0
09:42:00.288801,NAV,1,0,0,0,0,0
09:42:00.362263,NAV,1,0,0,0,0,0
09:42:00.439157,NAV,1,0,0,0,0,0
09:42:00.509870,NAV,1,0,0,33,0,0
09:42:00.583455,NAV,1,0,0,0,0,0
09:42:00.657314,NAV,1,0,0,-1,0,0
09:42:00.730376,NAV,1,0,0,-1,0,0
09:42:00.804494,NAV,1,0,0,-1,0,0
09:42:00.880776,NAV,1,0,0,0,0,0
09:42:00.959827,NAV,1,0,0,-1,0,0
09:42:01.043527,NAV,1,0,0,-1,0,0
09:42:01.127438,NAV,1,0,0,-1,0,0
09:42:01.206914,NAV,1,0,0,-1,0,0
09:42:01.290043,NAV,1,0,0,-1,0,0
09:42:01.370169,NAV,1,0,0,-1,0,0
09:42:01.451423,NAV,1,0,0,-1,0,0
09:42:01.532788,NAV,1,0,0,-1,0,0
09:42:01.613614,NAV,1,0,0,-1,0,0
09:42:01.695167,NAV,1,0,0,-1,0,0
09:42:01.775971,NAV,1,0,0,-2,0,0
09:42:01.857027,NAV,1,0,0,0,0,0
09:42:01.935467,NAV,1,0,0,0,0,0
09:42:02.016825,NAV,1,0,0,0,0,0
09:42:02.098715,NAV,1,0,0,0,0,0
09:42:02.175238,NAV,1,0,0,0,0,0
09:42:02.254227,NAV,1,0,0,0,0,0
09:42:02.333829,NAV,1,0,0,0,0,0
09:42:02.415999,NAV,1,0,0,0,0,0
09:42:02.509017,NAV,1,0,0,0,0,0
09:42:02.606986,NAV,1,0,0,0,0,0
09:42:02.721829,NAV,1,0,0,0,0,0
09:42:02.845556,NAV,1,0,0,0,0,0
09:42:02.981133,NAV,1,0,0,0,0,0
09:42:03.121392,NAV,1,0,0,0,0,0
09:42:03.254151,NAV,1,0,0,0,0,0
09:42:03.384305,NAV,1,0,0,0,0,0
09:42:03.467737,NAV,1,0,0,0,0,0
09:42:03.546960,NAV,1,0,0,0,0,0
09:42:03.629281,NAV,1,0,0,0,0,0
09:42:03.709336,NAV,1,0,0,-16,0,0
09:42:03.786144,NAV,1,0,0,7,0,0
09:42:03.857610,NAV,1,0,0,0,0,0
09:42:03.930146,NAV,1,0,0,0,0,0
09:42:04.001958,NAV,1,0,0,-51,0,0
09:42:04.077086,NAV,1,0,0,0,0,0
09:42:04.154779,NAV,1,0,0,0,0,0
09:42:04.232831,NAV,1,0,0,-55,0,0
09:42:04.310084,NAV,1,0,0,-54,0,0
09:42:04.384690,NAV,1,0,0,-51,0,0
09:42:04.461417,NAV,1,0,0,-1,0,0
09:42:04.546217,NAV,1,0,0,-1,0,0
09:42:04.631991,NAV,1,0,0,-1,0,0
09:42:04.714789,NAV,1,0,0,18,0,0
09:42:04.794316,NAV,1,0,0,-1,0,0
09:42:04.877943,NAV,1,0,0,4,0,0
09:42:04.963654,NAV,1,0,0,-56,0,0
09:42:05.052489,NAV,1,0,0,-52,0,0
09:42:05.138154,NAV,1,0,0,-51,0,0
09:42:05.222826,NAV,1,0,0,-42,0,0
09:42:05.310262,NAV,1,0,0,-6,0,0
09:42:05.395547,NAV,1,0,0,52,0,0
09:42:05.482798,NAV,1,0,0,-1,0,0
09:42:05.577428,NAV,1,0,0,-2,0,0
09:42:05.665190,NAV,1,0,0,-1,0,0
09:42:05.755025,NAV,1,0,0,-1,0,0
09:42:05.850787,NAV,1,0,0,-1,0,0
09:42:05.944850,NAV,1,0,0,86,0,0
09:42:06.041426,NAV,1,0,0,52,0,0
09:42:06.136466,NAV,1,0,0,-1,0,0
09:42:06.232207,NAV,1,0,0,-1,0,0
09:42:06.323565,NAV,1,0,0,-1,0,0
09:42:06.422292,NAV,1,0,0,-1,0,0
09:42:06.519592,NAV,1,0,0,-1,0,0
09:42:06.619128,NAV,1,0,0,-1,0,0
09:42:06.714311,NAV,1,0,0,-1,0,0
09:42:06.810165,NAV,1,0,0,-1,0,0
09:42:06.907766,NAV,1,0,0,-1,0,0
09:42:07.005944,NAV,1,0,0,-12,0,0
09:42:07.097186,NAV,1,0,0,-1,0,0
09:42:07.196144,NAV,1,0,0,-1,0,0
09:42:07.294708,NAV,1,0,0,-1,0,0
09:42:07.392682,NAV,1,0,0,-1,0,0
09:42:07.495076,NAV,1,0,0,-1,0,0
09:42:07.599555,NAV,1,0,0,-1,0,0
09:42:07.700797,NAV,1,0,0,-1,0,0
09:42:07.808998,NAV,1,0,0,4,0,0
09:42:07.921578,NAV,1,0,0,-1,0,0
09:42:08.031768,NAV,1,0,0,-1,0,0
09:42:08.138593,NAV,1,0,0,-1,0,0
09:42:08.242867,NAV,1,0,0,-1,0,0
09:42:08.347259,NAV,1,0,0,-1,0,0
09:42:08.454599,NAV,1,0,0,-1,0,0
09:42:08.560542,NAV,1,0,0,-1,0,0
09:42:08.662855,NAV,1,0,0,-1,0,0
09:42:08.766873,NAV,1,0,0,-1,0,0
09:42:08.871666,NAV,1,0,0,-1,0,0
09:42:08.969754,NAV,1,0,0,-1,0,0
09:42:09.073910,NAV,1,0,0,-1,0,0
09:42:09.183629,NAV,1,0,0,-1,0,0
09:42:09.285406,NAV,1,0,0,-1,0,0
09:42:09.384583,NAV,1,0,0,-1,0,0
09:42:09.501286,NAV,1,0,0,-1,0,0
09:42:09.603972,NAV,1,0,0,-1,0,0
09:42:09.707306,NAV,1,0,0,-1,0,0
09:42:09.810280,NAV,1,0,0,-1,0,0
09:42:09.912010,NAV,1,0,0,-1,0,0
09:42:10.011898,NAV,1,0,0,-1,0,0
09:42:10.114646,NAV,1,0,0,-1,0,0
09:42:10.213045,NAV,1,0,0,-1,0,0
09:42:10.313380,NAV,1,0,0,-1,0,0
09:42:10.406372,NAV,1,0,0,-1,0,0
09:42:10.504582,NAV,1,0,0,-1,0,0
09:42:10.600174,NAV,1,0,0,-1,0,0
09:42:10.704578,NAV,1,0,0,-1,0,0
09:42:10.806438,NAV,1,0,0,-1,0,0
09:42:10.906894,NAV,1,0,0,-1,0,0
09:42:11.012410,NAV,1,0,0,-1,0,0
09:42:11.121003,NAV,1,0,0,-1,0,0
09:42:11.224664,NAV,1,0,0,-1,0,0
09:42:11.330317,NAV,1,0,0,-1,0,0
09:42:11.431743,NAV,1,0,0,-1,0,0
09:42:11.538386,NAV,1,0,0,-1,0,0
09:42:11.641084,NAV,1,0,0,-1,0,0
09:42:11.739126,NAV,1,0,0,-1,0,0
09:42:11.839672,NAV,1,0,0,-1,0,0
09:42:11.942382,NAV,1,0,0,-1,0,0
09:42:12.039336,NAV,1,0,0,-1,0,0
09:42:12.142583,NAV,1,0,0,-1,0,0
09:42:12.244378,NAV,1,0,0,-1,0,0
09:42:12.346247,NAV,1,0,0,-1,0,0
09:42:12.446454,NAV,1,0,0,0,0,0
09:42:12.548559,NAV,1,0,0,-1,0,0
09:42:12.648970,NAV,1,0,0,-1,0,0
09:42:12.751881,NAV,1,0,0,-1,0,0
09:42:12.854604,NAV,1,0,0,-1,0,0
09:42:12.955562,NAV,1,0,0,-1,0,0
09:42:13.055610,NAV,1,0,0,-1,0,0
09:42:13.159610,NAV,1,0,0,-1,0,0
09:42:13.259628,NAV,1,0,0,-1,0,0
09:42:13.363059,NAV,1,0,0,-1,0,0
09:42:13.466156,NAV,1,0,0,-1,0,0
09:42:13.570501,NAV,1,0,0,-1,0,0
09:42:13.675753,NAV,1,0,0,-1,0,0
09:42:13.778278,NAV,1,0,0,-1,0,0
09:42:13.881437,NAV,1,0,0,-1,0,0
09:42:13.989522,NAV,1,0,0,-1,0,0
09:42:14.094804,NAV,1,0,0,-1,0,0
09:42:14.195696,NAV,1,0,0,-1,0,0
09:42:14.299672,NAV,1,0,0,-1,0,0
09:42:14.404352,NAV,1,0,0,-1,0,0
09:42:14.504961,NAV,1,0,0,-1,0,0
09:42:14.608740,NAV,1,0,0,-1,0,0
09:42:14.709504,NAV,1,0,0,-1,0,0
09:42:14.809650,NAV,1,0,0,-1,0,0
09:42:14.909629,NAV,1,0,0,-1,0,0
09:42:15.013674,NAV,1,0,0,-1,0,0
09:42:15.112617,NAV,1,0,0,-1,0,0
09:42:15.215044,NAV,1,0,0,-1,0,0
09:42:15.317865,NAV,1,0,0,-1,0,0
09:42:15.419647,NAV,1,0,0,-1,0,0
09:42:15.520582,NAV,1,0,0,-1,0,0
09:42:15.628411,NAV,1,0,0,-1,0,0
09:42:15.731668,NAV,1,0,0,-1,0,0
09:42:15.833859,NAV,1,0,0,-1,0,0
09:42:15.934456,NAV,1,0,0,-1,0,0
09:42:16.034839,NAV,1,0,0,-1,0,0
09:42:16.137033,NAV,1,0,0,-1,0,0
09:42:16.251240,NAV,1,0,0,-1,0,0
09:42:16.349509,NAV,1,0,0,-1,0,0
09:42:16.453762,NAV,1,0,0,-1,0,0
09:42:16.557467,NAV,1,0,0,-1,0,0
09:42:16.660967,NAV,1,0,0,-1,0,0
09:42:16.765858,NAV,1,0,0,-1,0,0
09:42:16.868432,NAV,1,0,0,-1,0,0
09:42:16.973154,NAV,1,0,0,-1,0,0
09:42:17.086431,NAV,1,0,0,-1,0,0
09:42:17.204570,NAV,1,0,0,-1,0,0
09:42:17.303571,NAV,1,0,0,-1,0,0
09:42:17.407232,NAV,1,0,0,-1,0,0
09:42:17.510722,NAV,1,0,0,-1,0,0
09:42:17.608513,NAV,1,0,0,-1,0,0
09:42:17.709616,NAV,1,0,0,-1,0,0
09:42:17.814350,NAV,1,0,0,-1,0,0
09:42:17.922792,NAV,1,0,0,-1,0,0
09:42:18.021927,NAV,1,0,0,-1,0,0
09:42:18.125864,NAV,1,0,0,-1,0,0
09:42:18.222530,NAV,1,0,0,-1,0,0
09:42:18.320234,NAV,1,0,0,-1,0,0
09:42:18.429794,NAV,1,0,0,-1,0,0
09:42:18.542511,NAV,1,0,0,-1,0,0
09:42:18.651544,NAV,1,0,0,-1,0,0
09:42:18.761981,NAV,1,0,0,-1,0,0
09:42:18.863662,NAV,1,0,0,-1,0,0
09:42:18.971692,NAV,1,0,0,-1,0,0
09:42:19.089530,NAV,1,0,0,-1,0,0
09:42:19.189087,NAV,1,0,0,-1,0,0
09:42:19.299036,NAV,1,0,0,-1,0,0
09:42:19.414053,NAV,1,0,0,-1,0,0
09:42:19.521683,NAV,1,0,0,-1,0,0
09:42:19.631703,NAV,1,0,0,-1,0,0
09:42:19.738928,NAV,1,0,0,-1,0,0
09:42:19.844034,NAV,1,0,0,-1,0,0
09:42:19.949149,NAV,1,0,0,-1,0,0
09:42:20.052995,NAV,1,0,0,-1,0,0
09:42:20.157892,NAV,1,0,0,-1,0,0
09:42:20.263228,NAV,1,0,0,-1,0,0
09:42:20.368421,NAV,1,0,0,-1,0,0
