09:41:19.796658,RED,1,323,31,3,-209,879.0
09:41:25.259939,RED,1,504,67,184,-173,536.5
09:41:25.453081,RED,1,500,76,180,-164,1021.0
09:41:25.541433,RED,1,387,74,67,-166,601.5
09:41:25.541433,RED,1,504,45,184,-195,622.0
09:41:25.626709,RED,1,393,66,73,-174,1391.5
09:41:25.626709,RED,1,500,38,180,-202,1478.5
09:41:25.717152,RED,1,389,89,69,-151,600.0
09:41:25.717152,RED,1,497,64,177,-176,512.0
09:41:25.808157,RED,1,392,77,72,-163,1266.0
09:41:25.808157,RED,1,496,49,176,-191,1294.5
09:41:25.902365,RED,1,395,99,75,-141,1373.0
09:41:25.902365,RED,1,501,71,181,-169,1475.5
09:41:26.348941,RED,1,522,152,202,-88,984.5
09:41:26.348941,RED,1,623,125,303,-115,635.0
09:41:26.532704,RED,1,426,115,106,-125,1467.0
09:41:26.532704,RED,1,512,85,192,-155,1502.0
09:41:56.178021,RED,1,581,396,261,156,878.5
09:41:56.351010,RED,1,602,272,282,32,1786.0
09:41:56.351010,RED,1,504,254,184,14,1626.0
09:41:56.436289,RED,1,601,272,281,32,1925.5
09:41:56.436289,RED,1,506,254,186,14,1873.5
09:41:56.524996,RED,1,597,272,277,32,2187.0
09:41:56.524996,RED,1,510,255,190,15,2186.0
09:41:56.619577,RED,1,597,272,277,32,2413.5
09:41:56.619577,RED,1,510,255,190,15,2246.0
09:41:56.714389,RED,1,597,269,277,29,2188.5
09:41:56.714389,RED,1,512,257,192,17,2135.0
09:41:56.816081,RED,1,602,272,282,32,1163.5
09:41:56.816081,RED,1,498,253,178,13,1040.0
09:41:56.897248,RED,1,599,270,279,30,2324.5
09:41:56.897248,RED,1,512,257,192,17,2212.5
09:41:56.987571,RED,1,596,270,276,30,2460.0
09:41:56.987571,RED,1,516,257,196,17,2331.0
09:41:57.080374,RED,1,598,267,278,27,2382.5
09:41:57.080374,RED,1,510,255,190,15,2407.5
09:41:57.171385,RED,1,557,259,237,19,5161.5
09:41:57.266007,RED,1,557,259,237,19,5269.0
09:41:57.362829,RED,1,596,256,276,16,2595.5
09:41:57.362829,RED,1,507,247,187,7,2295.0
09:41:57.451267,RED,1,611,263,291,23,1484.0
09:41:57.537377,RED,1,614,286,294,46,1517.0
09:41:57.537377,RED,1,533,265,213,25,2044.5
09:41:57.796276,RED,1,617,328,297,88,666.0
09:41:57.796276,RED,1,527,304,207,64,943.0
09:41:57.883255,RED,1,603,289,283,49,1930.0
09:41:57.883255,RED,1,519,267,199,27,2042.0
09:41:57.970557,RED,1,601,284,281,44,2102.0
09:41:57.970557,RED,1,516,263,196,23,2081.5
09:41:58.057130,RED,1,598,263,278,23,2029.0
09:41:58.057130,RED,1,507,249,187,9,1889.5
09:41:58.142998,RED,1,601,255,281,15,2006.0
09:41:58.142998,RED,1,499,241,179,1,1658.0
09:41:58.230002,RED,1,588,235,268,-5,1771.5
09:41:58.230002,RED,1,486,224,166,-16,1494.5
09:41:58.313687,RED,1,589,231,269,-9,1601.0
09:41:58.313687,RED,1,484,221,164,-19,1550.0
09:41:58.402809,RED,1,580,219,260,-21,1966.0
09:41:58.402809,RED,1,480,214,160,-26,1721.0
09:41:58.486365,RED,1,575,217,255,-23,1893.0
09:41:58.486365,RED,1,476,214,156,-26,1618.5
09:41:58.573883,RED,1,575,233,255,-7,1597.5
09:41:58.573883,RED,1,472,232,152,-8,1545.5
09:41:58.654471,RED,1,571,242,251,2,1835.0
09:41:58.654471,RED,1,473,241,153,1,1670.5
09:41:58.738574,RED,1,572,247,252,7,1962.5
09:41:58.738574,RED,1,474,246,154,6,1713.5
09:41:58.826401,RED,1,571,243,251,3,2068.0
09:41:58.826401,RED,1,477,242,157,2,1820.5
09:41:58.920195,RED,1,569,240,249,0,2023.0
09:41:58.920195,RED,1,474,239,154,-1,1770.0
09:41:59.013238,RED,1,571,240,251,0,2057.5
09:41:59.013238,RED,1,476,239,156,-1,1802.0
09:41:59.111603,RED,1,571,241,251,1,1979.5
09:41:59.111603,RED,1,475,240,155,0,1781.0
09:41:59.204115,RED,1,581,254,261,14,1476.5
09:41:59.204115,RED,1,474,253,154,13,1501.0
09:41:59.291097,RED,1,586,242,266,2,796.0
09:41:59.291097,RED,1,474,250,154,10,1590.0
09:41:59.379619,RED,1,475,251,155,11,1725.0
09:41:59.470903,RED,1,472,251,152,11,1331.5
09:41:59.556273,RED,1,471,280,151,40,761.0
09:41:59.643379,RED,1,473,369,153,129,1497.5
09:41:59.728276,RED,1,461,381,141,141,706.5
09:41:59.817970,RED,1,589,383,269,143,627.0
09:41:59.817970,RED,1,478,371,158,131,610.5
